383942
389214
461720
410031
25334
884466
68791
763172
24839
417098
36953
899490
785983
736989
573463
417987
845713
720485
575251
114395
832499
195695
393012
671201
302126
935704
872856
976428
12266
854072
231452
12065
995467
595647
74916
199078
112434
356385
531920
57985
941271
629546
724610
945424
497644
823058
650247
174548
450039
806544
531629
269224
435252
756434
416114
830239
974566
607772
612048
532363
583597
44072
723700
122776
401016
942391
149909
123678
317699
835229
227168
233838
509602
979689
645640
250101
365679
676298
648498
630073
818730
730143
884919
216248
784816
869104
452600
870201
86511
342332
11389
583283
5307
125725
433830
181272
31402
478418
819846
562117