640040
590745
379747
336502
330577
888200
619428
974945
422324
428863
597468
273207
779690
350666
813667
387409
501837
690008
510899
440388
660062
813357
433192
382438
23122
110849
220704
386530
383815
282371
59168
191258
140893
389873
868174
147380
518469
102011
348766
201307
55176
117939
138023
18932
321685
27445
528503
224740
960113
389966
902431
924605
564525
330012
113309
938537
142348
661165
134567
763266
855634
908009
244047
882266
842747
923524
262876
559735
255757
296865
536597
835046
270738
166786
443845
823666
891444
843194
24922
451008
679843
657037
812093
736897
411821
749483
347210
458533
728041
931957
314495
394820
148624
23752
181904
37440
383044
619422
865918
36051
424215
711647
866598
956746
9553
769304
958098
189585
112424
94052
184839
111555
215521
7205
936824
640431
506958
902931
975120
972240
156904
296336
195485
223521
473866
548375
479530
786999
783846
405732
693145
175092
363414
625980
13358
543926
633475
168753
837930
886639
627566
774499
781778
619472
262726
769729
579908
99032
898830
96003
65394
372626
527041
310668
778681
108437
890503
510745
76885
369620
601973
103503
291129
752299
688860
26208
290100
887737
721511
627668
801680
638418
729237
593764
155004
569511
837579
78758
256737
122359
321090
449389
481496
45258
848653
896602
50805
840834
262611
405972
437938
432514
203528
644879
818252
902627
970453
567813
774626
130718
761018
326003
67680
901297
862438
358307
511628
435501
514800
215037
616768
24485
454062
655224
186432
794620
277813
993539
958787
764487
594303
816743
309640
571431
149567
33418
581585
764879
377461
511977
92584
687941
525032
885886
874700
702125
476695
671102
799020
921341
563852
42061
359791
101713
105385
490763
897277
562097
493572
872162
614239
178488
541750
382957
792808
713459
52968
878646
451999
696483
770725
178303
895114
302988
821824
434886
663729
170730
166541
809254
857116
912780
153721
701119
771577
344327
754793
32930
345399
417322
325857
699529
468046
680955
413207
448259
276600
759141
489010
227924
888682
543866
97091
263578
42278
963601
807470
712890
895761
192159
526192
739078
297995
583869
30800
272538
278611
920909
364285
413833
319780
337671
915921
433866
810195
571155
454859
885155
811426
132394
336633
596050
220993
904785
104938
369866
25705
786738
267477
148028
911809
462639
722540
753455
186167
641121
843043
743281
434602
561002
557717
187555
934960
744702
969656
755345
619308
182889
197287
562376
774957
29388
2815
660215
884842
665007
449725
853922
874758
5580
520033
278910
830112
930334
526983
830022
624336
784323
305005
585431
419230
306615
809184
725601
905631
667288
207694
209859
405932
680720
741859
375448
803318
178732
974739
531354
902909
952669
200518
660927
560499
870337
593020
587828
599063
172481
208416
889098
206515
937407
176274
998550
801842
543644
689741
217327
59423
51066
280115
804580
275483
34966
359516
156053
937204
942585
502386
902375
890138
86264
574805
651740
392098
934156
843524
549015
149977
167626
522293
526181
207551
422573
947728
756398
557517
750017
580571
856370
996917
506282
76534
881743
8412
883431
391184
982488
18972
850655
525327
760333
562218
459840
302386
142648
122092
427947
154521
321380
201249
704658
37837
328322
304673
512743
336382
754187
921967
208542
974566
449181
988534
87604
545473
72614
302469
556145
586684
136903
527288
216567
253629
792390
989840
194310
797278
11226
924550
679191
735986
80515
808016
700875
288991
236282
518903
289762
703356
676188
10538
435432
854326
691837
101835
768117
90286
418311
174430
998043
376042
119434
604250
215077
854041
605786
406644
560980
86218
895913
769555
549852
930190
913090
781066
983118
566688
751194
474101
534172
17736
356393
794395
821531
683537
446564
389387
839599
749857
783352
590142
440265
143017
41680
434431
726355
805155
477671
871511
715330
177201
603703
309957
388471
385588
669750
449599
761540
905461
806931
36730
325844
463055
688358
172945
235133
721097
436264
371848
707797
657749
749318
881184
5716
141982
915671
920631
347053
159500
238340
938937
958991
939937
482191
542397
748294
725169
995674
232820
935408
693533
126738
393383
993219
372706
242094
18940
725456
854266
838412
327266
823884
45282
506911
60982
609938
492090
817543
243146
62554
31389
174167
711836
171329
775554
546534
104100
874977
752975
484667
266588
327946
371824
395088
267411
530445
919777
789192
82871
596254
910731
847188
972164
822408
344496
119562
536740
606308
466218
856576
884447
726593
720976
734449
404046
166878
355669
285269
665102
24117
617359
24979
815167
432005
248887
923064
725328
875819
183012
129840
476588
199454
803603
137346
770349
673571
19569
168250
779057
591767
830065
420850
885085
110058
981521
716575
515270
965480
980559
659193
188115
877016
98884
323348
74103
417214
79225
541478
389855
329926
394726
870730
741178
735909
185423
586596
870327
535350
274953
725626
567474
788792
130797
899242
467630
252502
365990
316289
287177
561104
262500
317030
937980
785745
815634
546107
11384
841528
511543
334038
819974
936303
457450
89344
891779
935125
356795
753992
37128
818153
90064
165065
167801
989150
481744
739654
4237
873571
998020
915580
293390
166490
407132
351034
386765
699933
902536
707676
373106
753481
497980
249549
948586
849292
421455
627216
315538
933997
880759
234649
613712
74842
921368
846171
870998
805087
184584
496847
137466
509226
905807
346933
303219
637830
13737
903746
654300
207744
525974
339967
170943
305204
52575
761563
117692
371302
449192
862521
333886
90877
166611
726345
525859
974451
411568
608260
718173
471822
537544
106396
421056
118918
962735
421263
111211
967545
291938
537427
891183
881867
503720
695890
170514
70051
197911
901744
65288
761373
266671
884197
421294
298400
501758
135021
544335
793165
548221
296460
587021
762569
804713
787780
214847
143524
638410
785721
86565
872150
343465
874429
718019
929868
195936
511899
598636
600563
596429
776020
362359
561504
750942
400147
738559
686633
118106
394240
936739
909248
82309
790271
25649
584554
700932
281470
938916
83194
86975
110877
570924
9919
474054
963732
419596
558639
790723
803030
223281
313577
90061
724916
823411
691033
52553
74200
589634
165631
129787
666409
577557
769439
559890
438580
527827
142171
226884
570555
51445
52671
721375
723694
980500
240432
342933
249320
35348
185060
752730
887606
495907
369103
161884
519263
508919
43095
935094
155026
998160
715291
689925
304682
424260
584216
650789
913962
525194
802265
175402
721356
509542
914076
578684
705463
215244
502214
746379
536903
647965
420314
832247
273087
480432
196662
848590
678005
995105
151940
147046
755532
774012
663506
206858
824719
763948
481910
524853
551690
906382
468293
360139
260164
733152
216575
840539
642272
884403
480077
432819
665322
218612
405634
567506
964325
62870
675019
370195
220406
249484
193648
357101
63936
590873
803345
910165
819185
771883
627070
570900
183921
187947
373962
63673
809649
605558
418752
4791
7502
177157
272401
543700
300213
527297
938964
170505
664343
496909
812206
998299
213354
731497
317943
424437
239596
803269
440681
170533
868579
74575
472841
957449
932645
967799
38908
51070
144869
154779
164837
546218
771132
71019
634405
180495
886646
514732
877124
16043
77324
475554
691536
900055
950856
307839
38228
139524
263135
842578
483732
689124
628947
5577
404260
984131
317516
591511
948177
698071
293006
867280
298741
866969
295784
359421
688565
866926
456488
403763
675412
908990
401627
220214
989214
928980
841226
944029
416006
10016
649822
160372
397221
456210
803317
533477
212746
311167
203837
188328
404740
134076
520570
379232
752014
850369
792897
709918
678339
671398
599766
22108
365927
809384
40095
9780
986148
168652
43974
285731
985367
769771
883940
875714
901011
315317
75994
33576
446494
953623
788604
782965
767789
819108
478337
376905
555228
525552
379476
105055
573727
50275
43242
563958
644546
42687
772103
511220
886279
490538
584101
353464
964801
576151
126522
638919
712448
436298
613040
805862
928971
777135
332199
108916
915587
581305
766988
414699
98610
557022
811737
297927
462794
729366
726470
807491
774111
652502
500522
91815
708395
128841
806782
142594
49834
170760
704819
199276
732221
856818
892291
154327
474942
834736
103071
265796
582279
147625
372429
387301
594125
244375
345258
202744
770185
961295
243209
939335
52758
816200
998098
724680
295287
875634
747436
293263
985013
883979
951263
718699
384152
56369
325566
558404
966405
200634
158077
377439
110231
491872
352130
677708
347097
547118
54660
181821
384535
844831
509946
446077
414828
626911
471840
624524
860706
871707
611944
35413
256376
691286
14742
839178
149871
168472
214801
790505
460500
425760
574507
982691
507403
588619
669405
925527
524841
814233
992142
975537
192741
641297
766533
729235
557309
798879
53015
107095
939921
203250
542414
817942
377528
272154
745524
461736
92057
335704
911481
46304
936884
262680
649627
6333
749950
713391
451929
650210
834450
618357
165500
663422
504215
919797
437270
542818
858810
629546
624632
919207
786686
375069
776026
625901
477646
516082
312927
352762
377033
727984
712227
19151
612733
111099
329206
447984
722699
474061
893044
29605
493048
248294
686402
404089
858287
604158
30988
563162
250723
695657
807182
747305
717305
256619
14608
476169
115743
640026
124243
908303
131756
966838
251272
913226
178994
594266
414744
937266
567681
569865
871994
783395
763165
208463
326343
105562
162798
988119
101286
453454
594617
505885
767630
776563
355286
367899
617541
697600
2361
534613
66196
424284
573564
466824
343855
870098
143183
312660
642084
320618
13854
780652
51486
250220
14507
432345
819336
47656
498091
327859
907534
350559
694232
148158
831436
340936
100507
946360
937355
897208
129264
178032
21718
809155
897669
31571
247484
964958
29389
584069
557124
920532
650324
575606
111510
168247
771100
424674
654694
468566
697740
707307
999567
98376
438282
548122
395380
269727
330176
908668
114418
340266
965874
924192
777624
500196
660848
769549
79954
346974
211444
170189
271504
77312
657815
933206
839301
710089
373735
248356
687626
528298
126203
688429
835632
938532
476745
750637
678223
725715
591662
248804
458766
774998
359431
92350
841641
229569
278856
329469
441894
168780
937138
370235
754425
465423
758710
242932
341431
503160
865578
267385
40469
302623
85876
326059
141608
245277
808824
320312
896435
168875
99011
545193
948247
150091
977506
424077
459807
518193
877435
678754
552897
42380
246577
694364
380401
544758
833746
13267
40086
791060
65094
319851
695152
852336
824552
626256
356352
221388
969679
288525
822942
128458
692195
868133
572025
540041
885666
240559
618388
174735
552105
101387
429193
16886
426951
294287
278588
460457
326326
727641
442652
423203
353008
488399
139891
950949
492212
182163
689207
100672
721247
141110
736775
841554
203069
450593
64778
495411
986273
66663
418895
112764
261515
320579
304093
867957
413171
710926
266984
333569
960616
593363
421452
444983
344962
358182
920001
24741
863194
734437
949459
752048
594425
649866
742525
593697
198092
727931
622109
763400
10548
256222
137528
689207
488502
718476
407463
349966
218047
950809
360698
583170
482426
494994
243341
476658
965797
891608
198465
589353
766491
187607
838976
791572
384558
232936
716917
278561
133050
745882
824003
864064
841891
105250
200026
52912
806419
115911
389484
371052
903587
235301
130556
271963
727895
876323
721578
251088
278803
683502
855472
107951
855859
70555
790466
437187
380843
926546
760492
892179
457770
437654
381581
587307
600168
748079
462601
904689
124058
807518
317683
686057
330800
91261
543871
528695
616759
909336
99222
690307
727046
578066
631829
624588
612082
534390
142067
178832
26082
548478
469343
193240
419907
378750
664408
396543
36475
334085
360997
971249
493581
191220
161156
441760
955038
240270
2921
291407
897951
950800
195438
741971
48592
273637
664154
119296
484674
108299
223191
845277
966839
877451
780224
626621
414884
896429
31471
647677
991277
127242
632491
923916
620376
72361
645970
77369
640785
346523
431550
555731
363084
937751
926249
252301
666075
753101
16484
523452
72062
891869
76434
722013
405126
891484
135656
479825
695450
92235
563872
947769
980396
441280
493914
869328
16935
410672
930181
494776
470294
405540
513882
884948
561802
911262
241571
404308
810930
244971
109529
19009
770984
293083
815638
600550
848844
717832
996193
105719
865187
656858
957917
810275
718261
491277
87587
655497
178407
630831
486892
426480
126687
705360
341831
404664
958279
546571
608136
822591
445876
126236
317796
552614
791515
731551
580056
737663
73805
578496
417344
512135
77607
178964
659196
576769
463539
950717
261967
333096
908704
521418
154565
125543
155672
945705
767342
378325
473990
358042
768251
443297
316211
751887
980193
347778
728137
893585
265145
871314
882685
808931
707392
620680
504023
169457
446546
718128
75741
607553
246569
173564
869655
612319
304164
865195
36341
182913
407887
168
119474
935376
512485
937507
193671
781871
438259
308920
422450
90129
610659
690130
388239
811827
300539
699096
753957
432928
23125
302765
716885
355182
23322
217518
94577
245794
692393
296643
117077
467541
750045
953319
568598
671636
744110
460132
937178
230196
682337
36139
343614
121620
197783
47703
919073
147481
502159
354360
260794
859895
851627
441934
337925
453044
958670
905510
937018
669253
279605
272602
79385
931617
256749
701491
193455
410567
21306
494626
45684
145128
19734
715390
177305
942674
688708
76333
536418
888356
31288
394498
926881
559766
503533
536224
154660
498300
688035
460084
544948
798263
424534
408919
460636
868166
757754
834086
190685
890309
873388
103591
872666
609056
201089
681224
329079
524285
262706
458478
195936
338580
482753
33247
691975
631998
307669
323132
831049
4263
434285
924368
674237
94185
581095
233707
760405
674527
319786
724819
428856
818204
497597
643163
333266
725204
475648
242564
475704
445243
397434
882343
57890
529429
178181
454029
543328
650552
143606
812757
605460
264257
232463
241954
227070
117953
426664
202594
259197
740509
534376
459877
591576
298489
331184
343993
288250
403029
367773
407954
563522
749928
172349
156162
190497
694549
81613
219042
537484
404756
778005
240557
483008
808995
305663
440093
812137
392977
815099
503747
520126
446325
376192
682888
435871
571568
678670
202915
9994
314165
274232
275464
743806
5266
111715
984574
607657
602948
813798
225156
968949
134531
217731
29419
638858
429042
584297
244213
568682
746983
802683
777463
654090
821963
456513
132660
449590
353268
501717
33186
514339
169205
13680
574528
995257
315683
221159
683069
766961
886073
369356
609561
58263
459921
27126
685893
508775
353118
899640
334839
470200
590912
737086
432751
639072
398826
391203
227183
104650
991307
441998
616835
617824
142131
804092
289369
313461
553195
902589
327320
341108
792274
985424
159278
371587
152770
250296
871769
974190
803947
706720
513049
535374
218099
190717
663030
812217
122562
658868
875304
468702
693404
856678
747096
894133
369514
215935
826419
562386
881070
124420
457999
635264
897247
551732
695492
974614
924624
892383
904465
233606
889539
960943
11960
228884
864989
29597
245766
291231
132262
63782
169952
642880
563534
601424
38814
188867
986634
533739
449499
310196
716867
661400
986995
796524
812637
574272
15423
626083
227157
842926
51410
453279
257602
728810
531711
479497
559765
576613
719947
460626
355446
926549
267938
749779
785270
196556
835818
359704
20694
464168
718878
697319
239344
269470
166241
910491
324249
167030
476222
930480
533001
190547
16166
161095
434127
973522
374506
203516
768577
175804
472926
211926
383188
255417
198637
506044
692342
514294
864730
775900
809024
756101
254472
603049
752495
380522
26063
882945
699080
421609
783402
589266
353317
439634
430903
532335
363437
573168
982471
645976
468712
590986
539536
430195
457861
724464
872589
230358
71013
718526
693034
722638
966449
201173
153921
850713
324504
418761
754165
440813
567028
539883
406512
704975
941855
883302
644368
726889
475023
643990
180599
610081
845743
878430
642392
346065
40016
930816
104895
530896
379884
805285
712539
461629
937631
705993
618304
898383
855970
452245
511829
745916
689040
814576
115171
870911
37361
371660
547177
252748
600077
275501
769138
872713
616322
405598
828176
156982
896615
969797
953176
246076
247600
143537
209524
691226
421901
363137
737188
725611
960118
899570
356241
872775
281357
414293
81884
876157
153481
1640
24931
85438
389141
593035
360967
132238
768871
742998
515396
53201
786831
441819
356059
435375
206985
941719
679400
752527
405479
963229
24580
388354
113789
176004
910419
385232
460837
371136
317657
592578
474733
273280
83614
18982
769080
348092
863665
430993
267349
469814
226515
606878
824820
879103
662532
446449
505091
147945
540829
538998
878259
535743
454737
689761
11146
327153
115879
98365
286294
85395
919542
108484
727945
88324
226149
135836
658564
164344
326966
382010
122334
594637
282748
61223
608109
154985
411469
100670
342666
908889
941863
560803
169683
458200
116469
874206
841144
241030
233575
665998
512661
952420
439304
355207
691530
546535
25496
395045
988166
477178
998039
77367
509733
156014
315517
844091
103624
927384
669261
143364
806043
994453
285940
890159
474920
460865
513451
108762
652051
517521
408643
979347
767408
282863
39472
311033
282360
167510
388583
152320
503958
315330
716539
256943
395180
420843
113754
726840
669342
294837
700542
498994
439918
308246
768286
442844
725278
220888
553803
873174
992093
585551
438510
299091
108042
563970
961853
856910
595053
774160
402987
111681
171323
335285
855351
97201
170997
194490
763057
501318
72697
49202
792299
33014
480160
275134
101301
729545
999443
698181
893302
630628
881677
507152
923557
840379
529649
947575
236598
212623
988392
966357
410474
973956
834841
57644
770544
427269
551473
484797
166459
186646
173374
463440
484567
640985
988537
381653
21500
919899
126850
359896
604779
305610
210016
873888
687384
774326
750528
578996
875630
805954
789330
312831
564263
81357
776904
540685
867420
726134
930461
786458
841924
150825
238360
269129
803689
414571
162891
220631
72353
705294
936445
809709
319665
665408
902141
954058
714456
137472
767000
27977
57258
397707
353045
977947
430258
92228
987565
770960
317039
208311
946612
746211
43286
810970
622626
841353
124010
289358
497646
422512
472540
776297
379608
243900
596827
126329
982695
382055
500915
361662
586410
969048
550424
280085
180830
577144
680190
508599
428854
484077
293693
876249
279087
380945
942145
340722
516701
724998
583990
204243
955993
952009
511996
401330
314655
507076
293838
101689
442195
208105
937336
992966
831921
159647
186015
455463
59047
769274
451204
601972
725847
596404
614791
55309
993051
155676
121243
975436
519526
136101
962283
574157
335193
348688
143739
267702
440996
805727
383945
845716
168899
865521
325273
609786
176831
413948
993468
993468
557302
462593
553259
994320
808337
935333
940805
654278
565966
73854
595659
730709
154734
707842
86447
373825
582943
249646
627973
728192
332874
201878
234458
403029
634542
1029
689852
24236
309256
701860
177194
250111
196831
453040
922714
873879
725257
124438
646758
222279
385814
874340
697109
214187
724050
996434
700837
580609
359550
291926
680633
123241
807882
555692
840547
132651
280499
808587
931184
575132
420344
8315
666531
687028
509929
647114
922519
515815
462247
783134
598853
597387
967702
999380
691708
602328
863480
247811
181055
866475
415403
865652
875427
165077
17614
483252
903957
237072
678167
132115
980046
225214
77067
190013
765419
662824
519009
382521
890119
365534
979266
857749
497238
383375
258630
482397
431007
370844
790160
313281
53599
352294
237323
591675
880483
695804
997471
279005
676931
658782
736074
276086
946922
291984
24886
563279
71411
616706
155812
671270
96273
157864
27416
881137
184288
703789
526043
930704
805317
676443
190462
306697
624302
836739
219505
150821
42772
341526
303948
237297
666232
957851
420443
386458
175451
342920
851422
164226
331752
54058
217961
615037
750184
813312
271522
373861
513437
305271
617661
555013
790614
673329
735569
736256
16758
777353
733840
580585
677150
358363
279727
996331
889453
767212
774816
887844
762339
85456
368599
543242
158902
115316
184251
293813
983617
57869
111204
422075
999845
57307
417861
694112
668294
861706
798516
987666
356507
836762
88912
514281
23822
834362
176212
750778
292908
673971
50218
550161
441598
53486
460881
145853
289585
222453
735805
661008
923779
375954
638963
654439
850318
639291
760545
295611
198201
264290
805629
355393
183462
608273
180266
295317
971523
335732
186245
978358
206524
795044
801957
760708
422802
325651
122957
281642
330704
672344
281947
756333
272688
870795
788760
654641
629857
15366
302877
671790
692127
157888
189545
404700
290463
137095
110643
401077
424149
869958
485430
491116
468962
333209
287846
769256
818013
10410
794466
213297
749285
244003
614318
794113
924417
934265
244874
405549
936152
145448
75325
680282
258493
608503
362691
184561
706990
316922
490199
478539
925866
283825
862906
38528
206181
631539
639047
221267
212568
585925
96333
733062
8889
948649
553320
519520
37537
973180
841221
516219
744497
752343
471102
350116
505640
682731
399938
924462
550516
965819
360963
205416
661299
391396
477306
799922
618412
540121
958158
605176
940920
518262
452248
510474
768973
228290
10726
356423
130375
169513
127391
184043
169676
17010
273573
730031
275881
46066
233961
349327
357743
665096
212262
99553
982726
669355
749645
894820
807343
557825
422189
558930
618531
111336
286569
642752
852348
148876
643552
328110
731949
311856
881743
500247
648512
976010
299858
985150
360704
745
633613
528263
377662
277777
666926
704986
568241
54561
813808
178686
527025
246333
738951
88169
646698
997921
492870
612001
262299
131084
501205
540296
545448
861158
907909
818898
29007
842552
585193
838754
230266
488455
694325
956672
903402
517924
121343
980961
205768
944072
609614
513036
765610
231295
661907
843254
815011
737659
465008
184627
998161
592706
866585
161848
556918
424423
19754
158662
7066
520677
164454
355225
446790
420443
338553
617655
443713
33548
659248
197822
4706
114261
758085
379297
75275
227995
569763
853877
96798
517673
722836
815679
809563
706719
381980
614936
236635
66550
193486
639533
317809
493244
828273
941134
397029
154305
274837
755489
84608
841121
433045
136881
910256
573179
613644
291416
786545
137962
931296
444460
661181
872005
144153
904458
836455
295766
363019
260343
154289
256708
159431
281703
49188
819618
542806
526478
412755
637916
584981
238838
614555
246737
782531
264424
955083
744311
771403
792987
493514
289135
709212
331097
189960
971202
729187
83974
250904
769760
655989
407009
462153
455632
824153
363494
585636
23277
831134
854854
261308
321475
91474
391529
62401
357862
541287
587339
634892
418495
444179
305480
888249
888430
783489
905532
960739
276222
190622
159538
712615
378609
605275
696908
871951
106580
430714
429129
13190
175573
955375
719825
840649
493117
979259
425061
513701
296816
133971
894973
433972
982700
296260
475267
279800
755752
383226
467942
540363
401058
236269
835149
724067
944711
506129
915848
811611
357569
568645
977618
562819
507762
642824
333861
922412
153248
618907
621409
814632
919741
445574
98433
684127
278928
228746
986301
752173
235815
538105
611336
64550
732614
610857
355313
474692
220752
782670
812567
195385
612232
166615
154780
127081
437247
861941
817586
110295
56288
706741
991641
814417
291
577742
865724
515840
26505
837030
248703
454427
530481
780224
121215
243294
24912
18735
956800
86524
61855
70286
7478
828418
163958
886126
16219
446425
570755
390878
666138
493553
55312
87326
35142
510591
337996
263913
864856
491864
486316
143481
979051
228266
985178
453074
171030
813339
601686
467221
827577
178472
719233
76377
762036
878630
181966
761400
187417
800321
668352
878767
957076
804212
279144
503748
811392
555940
80364
585421
794542
101111
864188
328938
636584
539428
639492
4570
591859
970758
627720
359969
255111
225583
940447
982970
677325
629072
639597
320941
145988
982877
312902
991887
229394
667191
841000
420532
807651
176140
511511
584536
183388
750761
601275
126624
474447
583144
709496
805042
165582
217169
70666
260160
816144
780524
809728
730141
829323
171072
591311
489680
19999
769034
550392
608940
210523
148820
762292
704591
867189
587614
965645
600357
513968
84254
626017
46880
299505
352401
42634
986074
392556
26279
562347
856957
247168
992597
479918
102316
203344
880015
414783
153299
74424
139261
565757
495276
985670
198803
112039
83465
235961
654786
149080
86084
472120
510357
565218
764058
813246
380052
642545
614745
737991
322079
103769
217314
863990
184704
958936
855714
117097
356233
458777
142687
733763
683078
717997
773124
880096
25588
380577
972653
45679
129348
897832
921363
327325
620973
679910
561292
120862
138639
387469
120436
706220
578666
582777
376716
784402
730380
429003
217176
124217
815370
551498
727668
689621
215352
416725
180442
7825
644513
805282
733509
829779
478242
81284
28668
865396
230960
67956
606112
845848
937269
621434
167050
873277
816266
358626
604694
961064
217493
884150
422933
33437
792688
152793
351738
997111
905956
827978
520728
896888
474669
37639
825918
498621
504006
387141
442351
579255
971815
653701
98054
604387
649471
50777
537563
949135
644824
528900
244064
3101
348992
20700
481785
868417
342091
492554
947800
924593
269789
171131
809333
196246
513046
192882
728971
490724
458790
878299
373674
119193
529099
330937
932822
496057
507363
675572
671789
196731
2063
822385
209209
205395
259119
989722
792033
764047
572807
493487
761712
803716
493877
16407
158140
585804
159180
81360
795208
260946
81609
276128
386563
141754
229990
585461
134472
84507
266590
868161
522136
482898
335885
648693
653181
643458
81299
693349
451140
539475
632938
613884
372928
926453
467735
295922
239096
680899
964578
109311
60966
528698
840962
561192
766907
348931
89133
424139
322764
492174
592704
869769
736967
209178
861486
413085
930785
739573
123545
410124
902617
158647
746519
6039
844301
561071
488400
528959
77643
861255
570022
752120
131148
765322
582090
288846
973052
159668
267666
554692
63102
21843
208949
260867
929765
443822
10985
340533
565364
807489
898369
840899
478002
860273
828406
860146
221016
948423
960400
56833
984538
179159
988846
784052
915448
933152
650695
703777
198314
923495
97088
782810
972156
55526
199685
756729
928107
418066
459307
730207
778221
764588
983675
47823
727908
298213
964792
596429
791244
487628
163891
400626
345751
728459
577020
909505
20276
18571
247049
911664
634796
886414
998256
856312
490792
269493
25906
716982
937457
322487
668652
131635
115009
654841
596168
127649
738650
577519
533336
75724
905971
457287
207135
915996
816992
166434
309342
114608
426008
154485
690906
354521
799809
926371
251371
343753
155849
897200
658740
818612
55916
316484
761422
271739
664072
419137
749484
951915
795524
387867
472465
429587
350033
176583
703834
735205
73899
427494
191345
54649
628784
612798
296308
806610
646761
623072
178481
133954
749232
589503
279036
681512
607883
530055
5236
606245
723607
397452
157870
600740
215972
112588
338408
352557
499820
595499
999265
769864
310838
426533
630291
644028
806462
87268
875715
458646
347480
166922
588893
298795
308797
660278
463893
154174
574122
66347
509832
690955
140247
686844
389497
467148
82464
148586
247295
407830
561602
849612
258326
928784
52250
719114
345812
227198
445354
198322
299277
743137
564018
924848
578544
178220
883853
59009
710411
470544
907641
107709
405506
578273
189361
917101
533455
482947
742499
763061
229028
375383
162220
510568
946649
395745
336439
914133
480976
929182
417900
177906
70983
519874
625523
636700
73849
731925
209745
410668
550391
980880
93025
44566
826063
286465
740414
42313
982320
641010
333055
955096
952640
847832
812501
418987
119178
610009
601273
528701
392229
307254
9141
717374
633151
369538
245394
869229
736819
264867
895903
862863
687808
222713
355024
617461
925291
796073
245132
606241
743653
318619
201733
337602
745881
960631
721222
968173
296072
61132
721552
302942
726302
917569
720952
465204
519000
235219
820299
538589
627557
520360
267715
346303
732853
352359
722851
794411
196585
285559
501399
919686
229977
56891
992984
269752
306300
961397
658357
686775
181015
319075
867624
485603
342646
236835
311479
283410
313497
288732
857960
41893
227310
580390
800035
469250
835126
47419
842359
401561
990504
224385
293590
133564
885181
654602
919306
374922
261975
7438
862698
471149
31021
357762
984667
903099
160480
546479
975044
3604
214792
236130
721784
906049
631682
241110
267889
881813
269479
637512
788814
6567
354892
340766
214489
3788
146673
751803
317278
458011
747550
691060
416769
414308
451992
355121
408236
740432
557640
690472
850057
425151
254854
295263
606714
955895
840183
726353
88990
842980
313759
161094
794644
877694
735997
889813
717919
939981
882584
198910
226528
907143
768595
350947
195876
510950
867155
196787
10806
713526
916121
298844
981560
55236
798688
295060
146971
8487
875246
481787
402402
635911
71774
685966
537094
417358
578842
813085
320974
48107
793023
571509
276174
488605
913110
464986
202166
113956
203480
174231
45344
485874
168802
270638
992097
480920
950075
212131
165866
368386
71137
508002
817198
59269
691737
842156
814232
64785
29281
424122
608396
873708
757008
560230
149127
159079
634403
392044
88802
191689
169210
833277
581822
337818
434362
434523
643237
431959
850374
513655
140435
634825
699552
916709
886784
708593
234977
721494
482269
763794
42668
689686
4785
752683
107041
59541
73998
774441
610813
977127
621691
828165
402068
780088
307865
725432
290593
789595
606782
681557
517177
674478
319692
985736
5907
922218
535034
267902
399432
590748
53321
918719
453834
600775
818284
97077
565120
768124
911715
239662
263297
778621
895326
141620
40748
284677
228776
963593
444785
110278
176790
75853
5196
354192
867331
672086
462379
678489
579534
901191
375031
303093
217603
496745
9783
52869
302139
40572
621348
6487
777992
412577
595866
51959
897208
81622
900597
173692
275040
728572
643372
622105
525228
721697
500673
85151
105857
236849
265008
104262
923641
983989
427160
89504
978345
288646
371663
789497
869412
729753
179215
473015
801248
6786
907510
726703
937054
632125
621805
113545
358660
769266
535517
249309
470132
900853
768489
145761
279647
342791
580118
524527
382250
69326
66605
42657
397379
684771
590184
835548
691863
976968
388164
166470
307536
207471
591315
639491
945183
64832
652406
777463
114526
723153
698636
547886
529203
155393
565753
739923
625918
802490
338935
453352
127558
404234
10600
497601
238663
717590
797765
344175
739018
98048
32477
464091
624865
448427
279556
604164
325151
454516
685427
9840
347403
111694
61400
958562
898466
478335
291733
466788
352524
660890
723828
387353
615544
870624
766499
418417
231899
726537
172560
687823
800464
486316
494307
915168
255991
187114
151340
817848
208131
856821
689467
503776
536119
52011
173693
74588
970323
226536
163940
902717
554030
187174
181366
909513
681
386610
946606
290608
155705
532914
285793
987792
473584
631590
834655
798230
449714
276986
509731
893601
666295
455961
332784
790805
822707
543377
367986
571825
942930
190685
752959
471023
244761
552741
272234
969808
25488
525704
619872
49955
736066
476573
72632
326224
865334
232640
639300
380565
159266
717345
626247
570993
586332
691112
805220
147963
659480
69788
506682
437892
718654
656454
491599
825085
843985
988897
407381
675381
248840
874280
673775
602108
776369
129124
393941
728636
650332
337690
795813
9662
731145
246731
959283
328004
516709
590222
7945
549536
981801
422485
706465
365038
590603
806407
631443
6928
909296
87459
630705
592809
41027
37517
446900
958830
127841
386766
251219
25141
534333
423578
88635
792328
404131
516339
746778
267107
740101
64863
462156
61086
147948
750802
741276
246130
541722
652839
914920
356703
480980
243928
306182
618906
318258
459059
533107
211053
892390
854621
799807
461898
779998
337096
60749
652275
306802
952636
66058
121738
424574
762201
741285
204732
924850
927230
385783
226071
184857
602387
939001
404324
885913
233798
131822
963489
586142
926813
534680
501862
588202
993210
904403
149699
320140
656087
866492
213641
87433
17399
835080
819793
315861
990031
676710
901182
925141
119040
262876
321339
347553
119979
381385
672560
504569
568056
621612
37118
119264
644294
725566
179594
664958
968949
745092
99930
143098
860431
500770
601305
72402
533498
144152
34999
608917
797004
972026
447133
800072
976207
389484
503003
497795
984829
906861
387121
116855
541486
543094
868722
43011
176679
442613
223200
966332
603487
883568
110060
526021
166686
477649
768785
903723
719557
102485
234638
678114
212946
384320
673017
78591
869196
958173
421650
231479
939517
369795
886572
898688
102764
76397
429834
859670
951471
599860
950126
111935
189854
51500
782534
204929
675973
233005
276472
267516
363517
58221
403295
755815
92349
63229
461379
165627
754031
903076
390447
656016
857628
405833
744393
833161
477471
460883
555721
812669
545657
796421
999086
195824
649798
165974
465695
646520
776865
678896
102775
8018
344728
978868
615039
794506
650806
849764
702504
639575
948161
918085
76828
308493
870818
991793
197924
564687
951016
465387
152802
39930
866227
827227
939936
668472
780498
450033
814913
862106
826624
962587
172509
794419
158568
251873
977550
554853
215005
94534
279840
309331
112828
581090
671309
671265
542791
156722
442081
122972
889264
872471
490112
946137
427347
982541
887962
806048
466911
21448
183123
886604
809312
771205
888942
171006
226953
675128
131926
479764
496263
970239
190110
273592
672122
775188
27575
27665
50312
524589
84604
193066
827683
993542
394822
183223
143115
664104
159878
956599
103578
340423
765633
499006
759134
925821
436243
706786
233496
456260
69021
786074
552420
496475
678624
303857
922284
461001
909625
295959
13674
435505
99454
222221
215088
843816
737840
295706
298970
573558
778120
412519
491600
415177
199975
946802
944923
137264
491457
977957
13174
124313
950978
309306
250276
9997
766024
645155
446894
550429
549961
751570
555536
21177
408105
571014
150740
136441
481792
509873
440694
899923
692961
179697
9746
977085
785782
189379
629503
52636
711559
151651
186059
438756
127454
382907
533104
138051
867172
383362
940568
651098
823318
13874
994102
392537
197878
226439
997233
801261
873805
897689
788941
542892
243180
44836
923706
611058
776515
379806
546675
87212
792025
337170
634483
151065
488728
263507
637280
316130
404157
877141
361287
531705
646742
291786
742396
21504
571257
200532
123842
241739
299080
88040
388115
434893
835036
397449
511107
627637
311139
284459
862307
54409
841648
200926
593557
126945
553229
138189
873339
735670
125257
443096
996680
665321
101131
586552
579241
51204
475985
455454
889755
233065
52304
726663
4667
469593
201434
659135
33850
713909
560462