723628
748375
170736
662160
490437
484178
905128
512109
518262
335189
972297
141605
610269
391561
411311
855092
658310
125007
62568
22470
946079
757260
855532
745788
267258
822173
333553
555608
956500
431062
370344
355924
689618
321976
187426
507555
587889
907182
811840
658798
406307
52499
846662
375009
860507
787145
172614
423963
570214
108552
149640
425937
744317
975869
122077
757426
228586
471192
259914
301593
124326
482411
330647
65541
345288
849501
950099
857813
955974
982842
514940
251640
165312
685565
851865
957807
81348
864502
93899
35901
556125
392246
493105
731018
1578
776219
25399
327281
658637
396483
931325
444495
700454
837324
733554
590695
334762
766003
882543
992272