472299
307123
988709
992004
129143
67480
677969
116498
415246
763179
736031
523569
879418
939581
746629
331519
262424
441891
327007
35358
685457
438588
26426
110301
230781
83945
53315
410778
898363
22143
368458
639215
869998
921965
335024
99867
446215
117083
57386
325192
107972
932378
697168
102943
221799
656336
141531
525613
26766
680151
560407
197082
137686
971294
603570
818953
833252
291389
574703
564216
93556
838298
421281
678020
29264
643814
942232
175749
140201
292896
615872
621727
905153
396125
170246
785770
547493
327783
786909
384799
924466
478779
749858
420544
152567
151202
646481
724519
171937
272167
329938
537614
325459
255775
153023
615147
451128
952079
540725
777681
572587
571596
279091
340549
877582
788668
187116
434867
3126
629391
763286
783966
854943
678375
992945
534747
310438
901364
772235
719930
576342
963475
631259
318881
165374
479985
417753
157786
642856
667928
283791
539898
501510
52709
430941
601075
877320
474146
68998
72068
929943
460664
111558
882380
425994
236881
850364
965574
300942
302232
15112
386489
824824
740733
132242
491428
5334
616438
609598
39544
310941
592305
139772
698357
37504
57918
148999
158626
65341
234259
742175
399421
325575
908621
294496
589585
760239
818696
774878
569685
879482
560899
67090
407798
189800
850976
88247
718519
267403
618645
317700
838553
503662
914870
441977
570737
934814
972931
834416
639793
817494
505006
421977
169301
405078
982118
823622
961409
436879
168561
504863
197085
390146
449413
223900
127105
67531
275683
378026
193762
604908
889406
111296
925285
669424
707136
588426
530829
426482
699985
909264
291405
167881
384818
515199
291525
490299
577828
270929
365056
939664
362420
577371
528854
688338
214340
978788
872022
533329
673808
218827
741075
34621
395427
310185
442230
855934
262125
652093
64616
530826
882442
316063
112408
783057
36502
950043
200597
50273
829243
524265
99296
616490
616603
933663
650944
313370
54020
414429
324879
944479
528987
60061
547304
746886
345108
267126
202911
365284
364113
779924
482405
956596
396372
625117
23647
322027
781049
902218
769021
945382
40988
928764
393231
445485
858201
847357
721893
656299
357851
418720
437758
453032
724445
342237
113841
310140
299273
288724
274981
269005
318216
908187
475110
560865
426378
988771
516860
472136
805467
824615
50868
362762
640078
440987
815176
172332
880443
241943
566027
418775
515029
884271
414382
325599
988807
503212
943642
86003
198254
687744
799484
700374
195296
608386
630567
576017
822968
361560
588179
445500
747770
879342
110796
440081
998615
812785
303469
477708
429613
35772
667595
618258
203319
597924
761071
207010
533398
269916
981283
626315
524467
180402
970160
893666
398703
63025
430749
902116
107100
255802
98464
280353
134064
714503
534145
856311
341858
590958
917461
620540
721043
693291
228105
956089
3119
108797
105217
736428
523387
354409
690729
576656
537256
594182
367491
487437
896025
67889
172056
661996
181583
568019
287019
310530
37975
760540
368507
676498
700925
645414
615138
327635
602487
671820
780116
637332
108693
288774
107738
79457
537107
85540
276119
232949
505594
491357
413992
427303
414228
642804
478522
549322
425668
105520
493372
552554
613528
505859
396004
454362
960504
528825
16384
176555
443410
290628
616136
262167
780136
729725
636673
339962
107143
998224
414474
582006
272926
533292
212533
2553
447016
93086
328912
907491
645223
492618
344614
965295
361820
887096
617406
22474
120052
309345
983275
990683
987184
415334
374680
258250
505515
702950
136377
972790
24167
685579
306280
748038
926241
436339
128522
128354
110980
363867
606730
569169
940316
358927
737680
454700
846532
818825
360495
996871
655753
776678
624992
17928
546008
29688
369505
981849
711854
558686
559495
200511
161069
845644
219884
158416
380603
509349
968355
111983
527484
381751
61107
498264
660499
288482
193580
454751
949148
826339
431688
423561
807940
674630
231730
609175
60829
82612
257430
368802
262001
919588
689583
786401
394968
728735
804998
765568
642113
591586
692926
811
706265
933780
626327
481607
876310
233554
526827
169567
853711
954829
643731
53804
371305
748579
519438
151290
772359
245066
117234
534994
310191
298291
118131
264608
196609
591964
440043
339395
607271
372390
203819
744866
669786
269004
425989
236742
422334
766463
824114
191813
17979
96109
233066
483774
336186
569566
308549
850537
673858
59433
635544
15202
853347
128967
116153
262918
263898
864420
766090
504210
370365
149354
65487
961692
463913
494770
976700
597198
61851
60175
843364
392263
193532
778061
345182
346817
468323
845833
995430
973107
310922
372304
451412
55741
241169
793454
400683
713889
680059
889649
23482
9900
251463
44806
325735
605174
641926
938619
463610
873389
241775
745462
621271
711105
663776
738930
246676
636171
530130
513274
128326
180716
831213
609136
72523
324302
60778
842321
137988
684836
520536
711917
779751
947200
296380
734986
885427
407815
132176
535797
662235
324374
579456
735277
871750
546175
798988
518007
850319
274324
782884
762222
899601
129905
468316
889236
870369
203983
918385
240881
625707
550300
218368
485080
491488
742310
205960
688689
30369
442906
33443
42420
342746
94759
595690
314985
636872
420113
106414
735225
86701
804710
576657
500823
314497
638811
792828
471163
180494
152733
595033
419022
569108
754416
621340
445649
382869
914629
277773
457202
275653
590484
589684
316013
783206
360543
269815
529721
671916
264505
331574
988181
954102
300294
901562
155779
739484
945006
393839
359224
966997
373140
34598
693257
741127
483378
394736
834462
688032
677054
280790
93575
357584
329735
929449
887315
775422
332376
67155
264663
347338
822142
369520
640340
433729
326949
622638
83665
744814
32482
186183
281977
697444
728975
831147
875775
407872
398977
354906
746370
301350
52237
943975
503320
694940
964883
166872
999195
891441
731121
822159
635575
392863
91699
946253
325041
829100
265826
449366
109832
332109
131818
777729
941163
554344
598848
617096
963689
753480
561159
312606
488242
963571
413241
697179
337831
953324
582727
439789
293678
522081
915791
945401
768120
742175
378155
192843
57799
456369
559154
347560
940360
888827
623426
463781
133400
507273
833246
5556
479776
276797
644857
596263
211792
160868
390860
794152
471363
392515
363088
125639
96560
748351
998380
935574
707063
784176
466365
854282
647715
4532
716485
619632
68137
793879
996773
440900
16774
386685
414494
993327
644574
147086
460818
181909
958928
22807
375117
506577
448114
980560
697208
173890
608819
341744
989453
648272
215992
479259
219889
412580
860159
289769
113938
721203
954143
323211
594286
233907
32925
101381
257247
557573
341769
154312
914304
786493
866642
799908
734659
523652
877950
587549
162281
312084
397840
428080
415214
610836
141109
499445
913709
158962
947613
532124
860240
663707
488285
369382
740266
467569
392940
841975
950940
156520
11786
921296
976824
554331
716577
273874
739000
92687
789680
548431
814135
366292
259715
464510
766478
546289
222212
787644
441792
497995
783799
11169
759674
567205
145599
848099
248973
33861
11854
706724
964929
593349
802912
827315
527180
399520
122557
368231
111245
112192
844672
602918
182207
133674
660151
134829
450325
288692
925507
100649
668452
181629
757421
699327
230202
393173
72668
659026
69092
399960
344117
693504
736299
626218
205776
944694
801299
696685
149083
713346
635367
819231
601670
314671
724052
904325
971928
803032
621099
886869
92221
473764
855998
263046
945303
187139
67124
219140
18403
205063
180074
243624
38550
62777
727308
245628
333370
317020
133504
565076
863134
47088
688759
310978
575832
601450
335153
364706
866867
451463
103054
413283
798611
420326
313876
389149
803919
564774
444869
92041
261019
252956
393598
950483
87503
413874
424907
297114
901937
673810
435446
571570
416050
759535
277968
892417
151452
297391
320145
439036
737718
902344
875727
667524
542568
220344
663590
142839
685159
122628
510694
408994
762166
11039
155461
594799
585153
391620
76047
655269
397775
348639
929152
479796
649283
65054
774290
740244
18581
85889
273604
649189
537761
522459
246526
157236
353167
711188
386989
108630
184991
697488
84594
205393
705332
452135
499692
954334
330827
763485
795235
290263
492105
34359
195301
345831
768223
775710
616572
692426
963308
775928
206221
545260
212529
33658
26121
414528
683374
580945
273856
931356
739435
732062
181667
744575
916946
451672
30233
640528
78698
840989
842776
120205
48781
192478
433046
524628
896316
311765
124593
787336
817285
793185
827111
531249
957590
451010
685812
451244
603907
659456
49642
732196
158781
828963
748015
300584
92281
527207
141727
699110
491678
917669
711305
309600
161053
584003
234275
72064
935112
996896
214476
687108
582122
743292
764145
134426
226411
281083
560799
693065
274503
847746
561104
35255
282412
168617
445744
885791
2938
114140
976682
76124
702442
251481
682140
605251
536279
443909
173159
495582
78
873833
748111
114958
561521
562027
615165
484787
884721
644939
78318
860837
809889
856222
731597
409509
472076
699781
971239
704502
252275
702523
773180
518238
506150
795108
166117
26605
206769
649101
600803
353730
56992
511885
356763
19940
316275
906215
129798
558298
938871
200494
94676
560303
728312
189122
774819
680973
380840
377007
405930
553694
890906
477018
193458
393177
443236
680548
637819
54245
126362
535974
717756
961730
371652
853080
129239
921490
952206
651179
455803
995085
445234
552734
7316
972426
230522
956369
13329
322743
650668
904487
830630
789442
531823
743353
233838
135826
750083
688935
869244
462716
945605
255185
595936
401761
719137
349586
159437
836140
150153
582053
82540
377901
827903
332472
386103
494008
240595
529233
443077
906101
747460
860384
308180
170267
363812
417104
1017
986651
549659
139750
480971
746991
334961
32562
912877
513503
574194
671943
867384
21268
140718
155068
167857
756193
436607
275143
186567
590168
875904
523962
636094
984690
277650
293481
570728
133994
354929
712620
820105
137976
126119
274102
317280
454157
260164
972759
597707
462287
904996
643476
720425
301907
381380
3946
593612
560031
14265
717179
82285
833155
860083
916205
539497
66745
190388
176165
260936
862624
435068
584164
253691
239309
455132
327864
452
270986
563057
177033
359220
413782
526925
596769
293863
176774
280757
283133
750463
141569
54121
135574
597545
551240
881970
977072
615782
122675
980543
961868
967018
370514
72829
418772
276760
84867
775546
358320
520291
329586
997707
628150
164238
336932
810879
465584
685507
801268
35791
605246
641224
591875
738119
689776
863779
476285
279028
879932
136896
894345
308584
485768
52058
701707
494149
178192
856469
524854
786621
625385
553486
289060
246877
770708
916981
634997
608064
186890
530889
998067
759688
454128
857676
462426
108313
930477
131204
897923
873957
948532
752884
293384
489638
277555
935825
562062
519322
77799
695208
728448
4210
479104
738679
902862
429496
405098
220892
834821
619684
875891
739482
494052
287406
49462
214674
102214
435379
142583
537501
145890
975277
755334
647919
204303
617356
653191
621370
8985
809672
266923
275426
579732
710213
647627
77999
898431
874874
739265
582993
146065
955823
241043
904641
527259
484658
844239
148999
867082
709926
534400
105446
126471
978173
308120
363961
683644
282814
423985
283131
717411
699043
476295
228382
119690
548927
450929
231762
341955
639681
223228
483568
518064
331556
740314
589921
265099
230026
116180
966047
36700
802411
709329
574184
784094
520614
923383
919979
397080
634020
218607
615854
159338
660256
847474
977706
647688
873629
855096
373710
618561
341263
390931
912382
216658
486435
263291
738867
65424
959424
713440
985093
646815
813946
210577
708119
353214
312466
692594
913450
729317
530938
782549
569716
210332
526851
187415
54951
804400
210743
336063
908440
229780
534642
741289
42243
197449
969024
533501
104948
382733
732916
28141
299030
24467
15046
518061
397713
958013
89320
4907
102371
29667
288984
590529
408099
224539
626867
48482
256885
529102
698974
460743
977773
346646
812226
142049
864171
840488
641192
660328
249763
433388
862513
29688
446520
213785
537260
883303
573279
831801
606563
611607
473008
900966
980121
884888
960920
759373
816429
286014
151950
387667
530918
335464
998700
44625
682691
822053
845461
278492
948780
359217
631921
152419
889190
692997
176304
411456
55150
373498
750596
949204
726484
980598
543124
939904
37806
564836
216022
573077
33912
800855
689942
47283
355938
378862
27910
886050
366627
84927
437732
266289
710076
792104
860421
251749
503654
753391
649073
183990
290686
489980
120524
271607
951334
715615
733707
489964
51420
105004
685315
999022
144722
105927
524665
874224
961183
141450
185652
65999
657496
634956
363670
472062
589839
534578
515209
99153
141932
567356
903549
968599
196248
840378
456843
269918
252473
834420
352607
58199
53315
789745
109659
394518
15254
334334
929543
686138
318227
264480
426789
377824
14475
800704
98271
412554
113851
753348
466542
546257
149669
872061
905409
599201
78214
758954
537361
999247
758972
595684
741930
368992
276517
27874
854583
655026
17174
655263
617055
439463
670725
910147
355534
794427
617684
760146
521481
583338
332610
266454
359013
107067
144607
4300
309024
503724
262325
753141
890101
796542
277245
495635
597907
444685
572989
402931
184559
656027
212956
337507
276380
993339
92454
245944
123623
717785
57377
149540
435908
974264
598645
649722
710717
197570
813520
522073
773407
641932
282732
871207
88423
586117
26250
874539
794399
785087
622524
254524
265821
938588
213654
93323
855036
576313
372372
989290
773446
788206
114569
232553
747000
341778
109581
806184
157626
148455
235670
206857
506427
284922
405339
266476
797526
375685
951544
362955
817686
127831
928307
165143
83833
605280
709097
920650
157763
448727
293242
620769
645553
622480
159704
553151
97755
566556
171480
49998
982848
688960
290182
457751
134832
216709
746129
531459
235759
974364
285949
999043
197685
519802
902215
220218
810749
117886
863804
567506
577274
16228
327398
477062
905509
422730
708527
909544
839313
774654
240641
286971
617704
3498
381042
746747
2387
337429
280702
356238
517519
972350
52091
444724
297025
149425
195718
744444
568873
777398
191980
440037
688338
604594
293199
550651
845104
332042
116494
584499
79512
54427
811247
276907
725987
197954
589939
220731
607206
548425
839420
41056
404921
296672
594756
664640
769741
601894
523211
607578
111432
954676
8004
427878
805670
719488
234287
965309
589770
117454
456175
748719
790188
200242
511842
520184
852521
432417
163112
432687
899851
14956
69526
66015
308934
710906
708400
232525
732008
239647
717812
412759
289526
393495
567085
391935
778010
852696
723126
566576
562282
235423
996362
498510
911279
560370
55131
769899
164334
937804
762496
806401
366893
663343
684638
841384
313482
428397
112301
943899
793006
473771
164038
292064
830932
38372
763184
125854
950455
101291
765588
568725
439821
655516
403996
949192
58311
936451
858648
436175
350160
731987
684730
977355
358586
978054
685239
708784
55971
799346
786020
105353
577549
407345
23268
719526
965384
793788
516002
270091
79953
166397
491895
13353
182856
26400
797581
350976
618222
38766
4799
776876
877412
411497
651891
246198
308295
557582
210179
968852
772990
247842
504405
338601
167789
563372
541959
589446
460877
507704
418260
258173
454758
156205
798031
186046
6040
698933
590929
249732
537059
937341
126469
156054
850819
672098
970179
704518
602899
329419
917986
605029
643545
589008
523347
38412
480255
912038
596140
176410
340608
484862
279087
172446
237401
778035
218262
742576
195681
520334
29543
587727
484462
325054
642101
139501
438937
657952
445779
736616
314143
326349
546372
327606
977642
568495
158989
881130
526251
904407
433019
442131
80848
485808
106264
780401
759874
244172
788710
274230
925020
229455
701211
651519
227956
100674
723424
74026
156070
606886
842886
532257
235365
265334
283161
500459
867732
493392
889555
272789
929365
875059
422435
923266
493057
161933
895507
113517
871336
949409
455528
511220
630023
642737
671133
665116
526191
81155
848619
68566
669141
479024
806719
64436
977621
202009
804328
325943
981030
590911
530094
642331
468265
521810
315059
248896
407956
910053
449897
538927
822399
434312
935753
778694
988614
94371
798869
941247
570734
544686
537677
370047
595825
37423
883272
343729
943595
806230
529019
792423
614100
658627
539793
508859
369536
618783
646135
68761
402225
734655
454907
478481
565785
73413
256804
115029
452843
914905
465508
415328
835609
394517
5589
671271
441885
946854
348318
604880
378648
806229
7581
695663
893148
366776
857370
341236
229801
970130
713706
566798
59940
699340
398671
707534
481652
161041
378556
102754
451026
525487
518965
413309
813045
22928
950088
82267
662718
545572
148312
918444
961386
258487
339830
724362
843151
544933
149048
670095
599004
634368
499855
10488
813663
871643
314743
808709
822524
176045
706326
293260
62955
975044
15836
896016
561041
488739
202063
193360
564535
54187
629610
725008
998083
934256
403363
879789
184055
472703
968389
336207
295474
483213
126426
868148
265293
147589
702630
454583
92232
904538
527168
434455
693413
731041
985576
406206
503858
873182
487329
255396
227434
968570
232980
537076
227941
395273
169112
682917
56569
394416
290135
130995
62216
450066
824480
86541
600247
390034
5530
942131
467709
113098
444669
833541
650679
555480
923154
683565
366254
853602
867758
507013
71042
59859
900823
473441
918733
522347
185770
983337
420296
397143
351704
376185
730874
870205
406476
244254
141624
608907
327355
17853
530677
73793
635664
375961
483494
859303
662061
859510
291264
998094
921443
225391
488635
712968
131083
834456
827330
626860
356338
59042
152331
796512
33830
462368
773539
878601
804693
367868
73420
482888
447314
581909
627959
237999
681658
683078
980651
946831
561411
260278
430936
455312
959244
833230
88190
174013
681356
899740
772759
854248
471978
635063
140154
266998
288660
364404
628713
202072
383442
479110
478252
191887
950629
83757
985888
563217
4770
691712
960265
325976
301113
858898
444232
262584
72335
796060
367172
207720
537869
868372
475316
287293
400950
756920
212336
340651
339676
536651
91671
827045
55266
128409
680594
735054
1562
71986
631585
823096
152515
332013
336490
152175
693247
765264
879987
373131
258631
980239
707012
650167
587563
354354
589929
675897
255144
539577
269376
196972
663418
646480
182370
317583
985805
70100
530213
292689
908910
263314
641760
859682
83083
707887
909765
27800
615576
584508
75106
100606
655625
678263
318183
327730
884368
237221
471959
112463
70310
114446
772503
873685
890577
261274
320651
849668
559860
497573
198464
719953
878223
644494
610257
500906
252154
624158
58665
907598
655803
138683
756677
409962
658706
260376
761387
954252
125693
519037
556588
234565
540726
720971
753511
399341
274807
457336
809053
994906
620838
303827
616054
29780
972261
298924
218971
206245
386240
314486
286746
933235
573555
50227
121968
382126
799291
1919
162515
108095
162815
630299
964748
65378
255012
202656
792442
258692
448756
890327
830456
54978
162763
631580
258200
167033
185301
459439
924637
79527
537829
962769
844554
412359
540610
269463
199167
606819
382695
651258
796291
756679
234104
630051
70609
760658
434679
204638
536170
588161
433608
174252
142089
92753
305440
867728
605038
300218
920194
716063
966190
888963
192910
955498
763340
383406
788945
360941
17461
737150
485536
983023
103249
447446
314343
47984
404310
72702
76126
245198
742748
351594
583754
661079
199864
987118
547026
576007
18176
999150
336441
959200
913721
89959
349312
29386
954557
328015
292306
655462
318540
628691
739538
274758
757720
165170
545222
583230
514180
975292
348732
11040
64280
552231
576330
65833
406034
459099
842968
226908
603207
514878
63123
188061
942225
307350
684145
903736
207564
498580
468412
871081
633690
501589
220109
566277
6305
146769
71539
946397
109059
321157
359020
497667
10531
373974
583980
206893
519448
656718
502699
588182
796019
370892
555538
187496
84843
876147
6890
949246
180201
785218
668275
541609
393395
759074
717656
634269
87439
275499
113912
511254
799
204386
845472
345752
986129
944382
727992
691526
500124
491587
981354
471598
424507
994165
567759
459668
136293
395180
942722
221063
259129
84994
267700
550751
531824
782360
317232
824372
984903
15525
242381
201605
244131
340380
725091
997431
200077
404093
516774
328401
496825
566447
356302
492434
101171
447475
413957
512039
470830
304005
95492
707278
134447
870977
243013
443640
341733
18914
73088
237492
103169
765323
315177
422504
237701
388510
192369
529289
342491
605796
927036
840090
743405
716108
264628
70719
489768
730643
793699
799177
324129
447069
989632
505132
10517
133389
980339
903523
535197
371916
418850
584151
163711
791232
793916
405841
719423
773873
770074
74193
560711
108626
962521
139987
21641
549149
257774
291062
436832
333272
292808
944477
587235
570107
944277
828143
180239
24710
418290
907314
289160
570934
344776
743149
157998
781782
455136
78309
947267
408752
403531
74744
83240
750577
869599
875159
982280
426755
705613
948506
565286
450900
724811
516209
549501
835525
873463
755712
531980
406196
586592
225125
120446
953384
197288
545369
946391
225481
712510
490006
289738
475818
878118
237431
946752
989853
901467
403452
917041
564303
752493
909565
995518
74253
548595
200197
536234
238888
802159
84459
604329
146295
769774
818076
173927
145901
450543
282009
456318
120956
694364
226179
838465
222337
738455
953949
742982
795133
374075
15272
955247
407388
959326
874820
437449
765565
68696
631287
188088
777216
229965
578689
415886
847573
95656
657633
711313
554392
843251
952924
440282
212886
339122
759843
640275
282853
699753
588419
258478
210603
953920
504014
823107
271143
30881
27382
558950
629073
940778
982135
8372
363675
387534
821774
814455
871633
529143
407382
500286
605895
663465
330775
43694
851142
815447
895602
564274
928715
31385
139735
817775
221456
983276
669976
994023
439817
557226
881140
109734
440219
405370
272622
638884
831255
184738
482156
549823
814018
653941
309986
389084
371056
439411
969085
255020
835989
222725
432599
334573
860533
62893
713824
825589
228657
688194
58045
597804
853671
734361
396076
40746
8245
48949
631087
671998
978309
852814
823258
766635
186932
391496
507162
512355
971375
218614
638093
651784
460603
603934
114614
591180
780860
851906
319649
375170
32254
444738
20462
339479
184036
985188
990449
726324
571074
261149
299702
195225
98248
232885
296964
681037
739902
841068
532992
643207
141108
256249
49579
997475
992112
675857
126510
33093
602243
726217
200446
667113
923949
518737
541243
969760
330613
575076
890376
588331
733781
318814
572025
660868
613186
994021
104738
688730
780157
575342
69152
211434
131260
318816
482066
804426
812475
790565
367341
887734
365917
124016
359919
310455
922863
529316
221314
805961
977683
656572
913258
674516
701966
771575
327590
303985
375472
507567
975315
175589
916012
707496
555824
200570
580974
744967
992672
917976
605522
683373
138862
707883
362513
612388
155071
171957
922936
3385
511254
408984
849416
42492
706111
344187
733327
838878
822100
22586
532689
894819
236731
946916
11447
682013
588686
607152
322073
329344
331417
512547
737590
423720
460681
258078
456475
877036
309197
613694
284441
485064
239440
412569
606156
502594
128076
935560
123665
609824
455946
703939
451003
250321
651758
224158
179220
471002
228148
984538
640206
997517
533191
827241
341623
388397
832435
328686
196816
687333
554841
749898
274071
394638
488299
785188
540128
286240
795227
753085
900986
332540
557640
872754
555769
798907
759907
311760
758708
312158
912226
880511
670129
698052
780759
431381
49206
122302
64597
521448
522690
653595
937499
139455
511107
513171
587097
220803
792781
958854
808158
817144
123028
728172
690728
419364
412156
170943
33438
259077
228685
328412
896470
351697
264869
192016
946996
690076
158388
784016
903803
830116
638245
60799
244812
684885
459954
672563
326813
28015
684242
838202
649601
780497
547125
824087
336778
213392
903922
307042
87677
908441
995231
638584
224543
514343
803678
84021
164150
902784
179923
963456
975309
912943
991665
42746
941151
223255
156346
385382
464281
149768
453314
96948
153592
123754
530558
471474
957607
201013
961158
681350
371443
791673
110120
595064
750146
847248
838757
885922
584256
192088
735385
958407
909667
589145
727788
638376
265778
703038
685798
683222
626438
289249
575733
642170
585818
794435
785278
373171
121081
739088
472773
597523
876199
982251
186017
718971
54776
240245
238675
165175
605309
915674
122557
359573
120724
307880
92327
89482
28536
905837
511654
995866
87035
95381
375646
393947
813297
993689
954302
860917
687883
584359
281341
331401
109044
610497
164741
203746
540065
589523
448737
401776
530963
76551
636265
999996
9710
961914
689017
808908
575491
40223
741998
232160
220782
277910
64284
187171
472776
895938
503177
391913
890532
568533
577938
85942
653652
664737
65090
66204
135616
574976
110710
465682
138267
151469
512348
94060
505761
308139
312647
851948
196692
527268
286638
833359
622670
911085
972052
164785
181094
126139
176544
560997
918887
426313
574983
678828
73743
845670
408368
106179
431178
471685
986463
554008
408037
265531
201676
131603
937527
10522
85990
942616
492349
625854
484008
921950
463380
704579
950104
951724
83958
648140
670851
138596
812013
94105
573322
621986
759388
177065
126624
689966
28112
536885
407367
696614
570279
347379
91300
164828
961996
829841
898287
1492
798688
776726
623078
541970
120485
717995
824410
795203
952475
183697
751765
345388
205167
338781
989943
885880
352342
418589
876263
879808
890401
222621
159371
540888
83523
592231
750429
748359
183156
731907
436240
375705
755924
214839
336745
906168
823827
411936
569011
430428
563260
41801
545840
379220
11053
104398
989173
331764
695698
776963
357244
153342
221282
925173
316767
143303
363731
509541
361866
93099
933431
566726
231109
584452
851846
272823
377343
742209
886289
989043
253081
538963
553764
926984
721881
923501
959046
473335
573294
255348
984874
714411
684796
253331
171968
997732
915501
659991
864038
349809
524660
191416
43695
766442
799855
88522
837977
696785
805990
418697
62083
459523
840943
559673
915829
734359
283803
782231
100822
833937
559408
678377
584637
848060
99644
882090
47250
409918
358554
303150
595705
126
351102
678233
237387
157372
677709
382779
550729
263862
233761
46183
202214
149849
382999
299476
410245
185632
698101
999135
730444
387483
411201
978431
709119
499581
947400
306581
662207
772695
928583
483841
596582
637875
687551
75014
44060
702435
370576
771774
492918
77739
181448
211820
75850
623117
314431
828833
659909
463692
580904
181262
627988
147197
971317
57326
527846
563229
676897
639221
672262
313915
361178
403680
362866
552375
441388
805962
707724
504345
16742
995536
286609
866571
550129
600861
983799
869867
653225
502962
391728
214245
257095
444773
976619
801035
878755
206719
981530
993361
456245
44333
201407
348960
428904
57238
340359
55177
842273
445224
704968
353703
232812
836050
211790
855657
184726
212355
411701
952514
617045
76922
279040
289628
747818
13926
358657
225791
871623
610226
410592
124749
929460
576489
912885
469611
668940
542100
520852
649830
310017
939387
142224
626144
329733
416020
311047
564524
246827
632917
714779
316041
897170
509390
18602
650877
11150
477206
14065
669067
110652
937342
648793
889526
432668
209163
514554
221878
67322
626694
486831
944862
120235
272945
479030
327665
950387
130013
202469
39253
291998
386947
732348
637068
148127
72037
312430
739654
491444
327624
743675
317965
433236
30846
111498
602780
835706
76012
330113
768772
635318
444682
95439
944171
683853
101957
636849
843551
688336
240587
516838
89702
530463
371868
352987
974495
937777
156405
425639
281551
339959
765781
62371
311143
436597
659812
398664
224661
925859
446781
190674
102466
889619
248614
77493
34243
966805
97979
755267
22122
992624
979672
230530
525408
300514
3503
66670
593137
856386
297410
717150
45079
179849
209491
167348
263700
398344
62278
858596
389612
244916
716467
624471
280119
73880
132074
474652
114363
18521
470141
191316
367428
86874
108831
426822
783571
166119
965261
760137
375388
19044
895688
891241
298155
382541
607509
43725
857634
612699
298412
708254
387961
143952
305562
237134
589269
872826
967069
427326
264899
847024
297938
759290
552903
70792
444475
569217
591117
469948
818083
920531
62518
29333
282978
162832
620581
560055
657697
640570
164922
185887
232283
845314
112113
105254
905092
17936
530855
651285
275966
694120
854071
171149
608608
156143
831800
818010
698465
242682
59705
761907
284024
751091
409150
148928
659269
36747
493758
377402
745649
241570
674467
297672
230734
589426
732911
265259
31008
808069
885358
382163
973738
733165
405865
505336
611987
688819
745598
821871
448447
266840
298912
479645
396041
122888
399367
304474
554269
954054
371531
574331
30587
338733
753280
486837
422852
376632
589137
218743
3876
565300
438335
420765
817350
130285
14302
839681
91202
82289
683613
72084
18687
943139
169097
986266
229727
823870
350470
841631
998464
152816
166932
982205
624190
11518
40965
541168
43345
393368
668122
785910
85216
922721
797673
924020
218924
880118
515082
103933
278862
192692
143661
34827
828401
588795
830627
483777
549010
191931
378387
352650
976528
578844
493286
96107
878515
518519
356742
816582
459137
353967
431336
652005
491983
371540
909326
518941
898791
877833
181773
530608
472832
768541
467056
636977
951253
554937
885740
405841
168047
808774
950554
768998
393290
366970
288418
498204
650869
701238
11109
764679
97112
919928
347066
637460
416517
882063
539051
169269
925100
750365
534180
736984
57328
183043
944805
688025
20499
458822
700845
445796
532290
479869
63101
399089
858827
456923
739906
492787
201240
504085
212520
468000
534138
509533
503653
506710
494475
111183
348463
656331
784645
782843
128936
165298
483303
629481
368491
262738
239497
456108
125659
282660
583589
741170
291166
527156
808604
108238
862125
237240
749767
616914
497004
283361
311419
816975
606022
663408
596140
865862
131533
142070
545141
352960
743188
356018
168496
546426
780333
254871
283561
60932
644087
633062
300826
173864
421181
695256
604159
866227
786236
419338
858796
621876
230806
572008
281306
112252
487027
140726
884588
544152
564684
264185
446622
78729
294698
980703
723978
804227
189398
101360
314568
168850
901632
522552
729000
501271
477545
824695
776877
385640
378180
725094
537821
214590
573372
383361
134165
948329
630701
83160
27692
751431
368887
825246
9708
796456
300478
543195
763546
967757
288530
42765
455374
338008
296208
90156
59241
190721
971611
888263
906488
896242
691365
483397
531945
962787
869868
870440
412361
383629
22510
635776
747587
105827
959429
936366
323399
485821
110940
271373
446838
807070
156008
340058
4251
640979
382243
304524
287152
334344
237916
486301
457512
248792
417638
255028
426906
378702
57914
701655
112263
838337
503796
473250
761544
260481
531833
843696
164163
498025
564555
385055
153610
633793
22451
967139
200316
35791
456100
206752
669368
591726
299532
440910
981208
519822
715688
596092
292765
202017
308416
951494
277580
417714
667256
306549
778094
276862
720634
214314
660005
213246
371568
968366
71414
498045
884494
839670
270714
675945
949997
178740
842405
222051
660451
977212
778115
428831
511609
854924
186484
272173
683537
957164
242255
445630
110102
355987
548819
427712
536797
767839
131198
610994
572303
462010
64923
811995
489168
759814
121118
651114
199647
782304
602065
85416
374247
327033
604050
963820
398534
647414
248496
413660
873055
568203
875209
505176
276743
79092
11144
419538
8942
567286
271826
114921
451517
262644
8860
869384
388133
188888
579202
371080
94349
98314
602370
278874
58575
898578
363678
259630
970061
232555
481150
167749
824032
546834
481268
771109
559592
132022
280229
597934
998331
653033
338134
49492
290920
818540
171143
2943
534486
542033
848482
318121
567068
169847
996361
642956
771138
788507
502760
462163
108757
671885
551136
929929
501067
479901
361881
426855
95106
738453
937507
626212
555156
212819
186501
616464
910724
575344
584206
200812
140032
463196
618833
857224
642211
629517
216210
732133
290833
670646
207887
200334
174923
56919
143888
15582
895659
122418
426314
201243
266117
326948
795061
338338
336500
612427
993032
264096
655211
883986
934644
673200
843689
44062
912449
972389
769892
678420
966064
214258
490095
786199
914222
280445
832536
484763
424073
387057
497484
205456
430037
359441
977605
730435
531459
901901
849950
200923
894660
721655
771741
632040
758449
557377
932411
316752
550722
716723
235306
637958
281208
130694
740474
959743
562295
544313
529760
932559
767490
686280
615503
187685
443677
765293
3177
533332
161325
191809
822895
884262
281189
500866
629782
103166
531568
353823
425587
886518
30478
977396
527892
713491
352166
14062
740075
438471
107664
372661
363212
688789
475583
599592
359458
897691
806504
540197
926549
968251
590288
246408
547172
836425
381609
297012
677871
424518
498169
542213
970294
832828
333379
292206
856204
308787
221164
477750
566381
252556
984036
535164
966540
562989
469368
795876
974814
782403
152408
806495
612122
313448
24438
199333
260091
433507
304700
695472
598124
174082
813268
718546
728469
587513
829344
157780
624280
590008
346848
384204
161382
852733
330632
795831
354053
85876
806923
734549
380795
665349
711437
925552
232420
80222
315406
942646
592042
308614
859976
850822
530836
676837
555788
821837
457066
351520
681
541611
960706
968999
643651
801489
142399
421943
303873
72248
376138
108448
181721
691953
776431
53026
864715
832734
742867
486123
195440
804897
105146
186153
158742
642541
900884
283027
233022
316351
653324
593119
313998
882
102048
448136
401028
701852
434908
575979
213509
669806
232942
111534
151298
211509
833866
41368
224707
961058
146867
61038
899127
52324
58082
53627
5969
937295
303641
531104
481616
533245
461602
109604
716914
928748
633435
275977
486366
343896
541148
556315
802287
506618
648670
657786
831728
648769
688042
984284
612054
175973
816310
101453
761601
851380
297678
474801
38846
463868
852553
983585
472201
686099
89434
697730
958297
654775
317892
253073
701691
558393
83093
500907
105161
649490
395263
90681
129994
5569
978703
86461
756324
472700
270800
996964
507250
328895
584071
696500
81905
349219
87216
431572
427040
577222
5159
463674
615405
576559
62363
529249
23481
521131
170303
912364
815015
915219
747917
517841
691042
336556
992465
923245
21675
722881
331492
5683
258873
823934
280244
148350
548148
999749
38948
394436
242493
319474
529875
692220
984676
118515
908493
386694
640569
48057
547466
433487
59553
5267
747017
698457
572430
801238
13349
618183
763185
325809
999920
224502
105924
731389
477999
447628
657502
561895
446282
157091
80203
822458
708785
836463
895494
4549
875931
480439
879713
280960