77755
946038
993676
347712
46213
182979
828062
72760
457147
465977
725789
352358
156659
384076
418947
412193
442953
664201
855565
537454
397882
136410
892110
640535
778160
259826
84785
162912
203272
92252
423264
305827
271511
324615
941095
782816
291648
498295
547481
48551
510164
480118
443058
92088
419042
387092
201357
86216
601213
910513
421617
44863
608440
628936
78467
918462
909752
804423
380210
436443
765409
881590
743099
976714
681576
172673
760906
406704
29096
986770
455588
224796
664457
991797
295198
64192
75925
50664
275869
52683
472835
715633
812664
786831
48042
633333
763849
532191
402655
518242
420313
89167
717409
11301
452661
848645
11796
152903
842078
368186