745466
385744
504029
68433
900721
439038
337226
620738
805299
369900
884921
250257
624664
714262
435031
428854
972385
487332
241280
414322
969866
341411
704009
315787
368335
366869
587251
711109
120073
944841
752563
149755
484335
886465
228664
389591
930909
733231
335809
127446
372812
545206
985919
120799
85347
824344
262423
982359
168570
493684
519888
764924
711259
255115
52442
245026
130342
189544
895626
159772
813992
305318
727779
60178
670698
129636
972812
672079
220032
639265
271137
115826
692259
536129
469522
840400
704024
231792
817992
340586
225252
560050
294109
958637
86750
372452
449979
516219
831144
142751
713766
981133
509608
604911
766347
359334
503766
972615
83899
424028
351825
182764
400845
854000
894129
827815
281061
51293
865412
123553
941881
604005
567290
267316
945916
183204
971724
535685
695957
104006
917044
859644
199065
247249
488141
618456
434031
698521
961474
317934
38392
404073
796304
101556
138160
628733
648289
416706
692095
582305
844279
391589
555905
412333
482619
16537
333534
950954
223342
773860
323759
813864
19815
433409
793983
736620
352665
141889
727042
764540
516025
379475
250953
739071
712997
978404
29190
556351
289693
358915
942757
308087
202132
113160
499507
934287
303380
116817
45500
702079
192077
13467
31690
388729
802372
71944
585698
610558
3539
502336
120408
953223
441647
909272
40180
754449
639075
63235
997060
624873
212054
384487
316077
255888
521738
110893
132485
77121
863371
709023
153290
886130
126675
856647
77393
881079
604100
962913
203828
555650
193065
384492
825053
356131
971284
287898
997848
151422
315809
168408
403481
537084
891899
762835
25525
453153
344520
959976
559405
965662
913798
68042
264052
251277
541344
509065
523973
715563
696791
793185
64133
38360
474763
253633
487343
495398
91206
863055
393973
79668
45478
292312
857561
789110
27479
574078
859897
827953
898090
544164
326942
199664
723858
812943
11313
46267
907388
261255
22582
86643
381778
219800
202110
497330
319867
108714
162472
118144
657223
815502
513840
452519
634686
375178
174535
616545
196979
866869
158199
12344
11466
912249
603732
751228
714498
887696
770949
848600
971397
829736
207892
258317
578508
695684
865461
320310
455920
54622
206542
615296
668835
110870
458212
668860
895497
789596
505194
635968
127401
492972
867406
777890
183676
416566
81359
884087
695412
238514
984273
417442
894285
599020
736965
92117
18017
74600
635343
348661
676894
732585
736416
447036
233393
385958
199096
606991
106788
932843
299839
175996
834731
983210
176893
874449
886702
58273
719113
193879
260496
423331
310980
905665
231287
564375
205414
419031
989233
121942
978900
375234
393410
745537
459424
624851
704788
440997
566918
181253
234836
966291
975489
766348
116475
470056
469166
841824
683542
646021
299118
327186
804270
646508
118225
984192
396214
360640
420322
353178
121668
312044
789874
679544
414766
341038
118791
573073
636575
189326
641764
844257
302974
515437
933003
269618
964627
688287
102451
672495
299382
310924
41661
783168
459253
422029
814960
811896
125197
51169
49652
517631
22444
241021
720390
527867
69972
930584
704337
801030
903549
884020
539165
90465
262355
498465
738512
263216
534548
564889
628697
131897
877420
450985
902826
678214
825571
528370
698136
884858
961337
22581
726134
929241
411213
230154
482266
24870
920347
829876
218682
100746
622987
753986
99990
684122
329475
880936
43360
799435
846522
923261
292570
971452
586896
803599
306230
18985
642996
695449
238838
486535
678085
739111
289367
239839
366760
843333
169407
576620
534534
812560
845431
522330
356620
784882
156505
231493
332755
183412
547615
943485
907312
339504
799033
481095
448762
436108
897978
782746
166999
433943
23692
165585
80705
413953
315451
87991
698952
881180
12154
773253
637566
767086
990521
207433
733370
372427
992772
865864
742606
740429
661242
924356
747491
13796
413351
792
777316
982839
960355
308288
547852
70689
948237
771420
963593
263277
263320
758
968524
331035
129898
596380
630458
470623
941511
987945
530298
636562
350085
666563
388510
61467
860064
283705
40811
24683
551004
244828
117000
903779
809480
135484
780084
697796
470594
535088
310682
338821
126341
37211
331343
576868
105224
600358
225159
189516
60462
403195
689123
151313
557297
620814
749701
487968
74551
797970
628438
486982
85980
100073
321304
798261
991433
12846
41867
653103
474076
244999
126911
855047
338178
748327
848004
134104
537701
186551
592479
402989
166033
451980
781300
21990
356671
73330
539915
954841
984486
560060
185113
70507
84162
166857
910224
852469
439782
94714
768381
247043
850382
39521
463643
339067
867063
323045
167189
376929
475378
169931
537088
874029
368251
425404
80874
430769
288990
637681
173064
927393
828818
745479
401956
200474
312759
114187
661000
266135
841329
816265
37547
696414
68648
9981
620759
435240
342911
720805
127197
953100
407582
276876
595227
900500
645312
491704
246438
961396
423626
932092
140885
672360
973632
579530
417573
429053
633273
448909
802619
276023
832814
879358
934677
543256
90897
632239
918525
507308
646745
385208
209396
181912
214842
425397
277506
291553
465677
386829
442397
349306
342897
902949
162045
607725
200428
148791
439258
215842
381982
836447
825241
730892
524814
564923
961993
284694
497163
956827
358517
60418
889714
662095
723041
59226
599056
374251
897834
26873
960590
826591
921475
136357
798401
676109
196749
436165
891117
648487
896721
895169
212961
714892
354663
781474
24528
194213
611206
56546
984895
819644
800868
25456
725033
751599
402702
555589
926744
860658
792895
559754
254909
429309
659865
681146
103623
202208
756381
588363
885477
524264
334695
473086
631934
590476
639259
553789
185135
965463
583438
154121
106650
281896
822813
303556
893573
719560
791814
745913
300006
856641
833004
273133
254082
170248
177902
418973
858231
297106
243844
239366
595636
226584
967760
447035
762575
306853
664979
24394
260051
780830
602667
435895
70215
453314
161869
359669
671654
869597
131510
215130
925235
477381
252710
654843
601057
274245
147764
307921
242497
269463
336553
347714
116402
225710
909221
632908
845971
687229
59494
623917
550594
924855
590566
819991
905830
158193
880801
794383
553974
158921
262268
532748
71301
404477
344486
588174
208169
277243
22850
540758
614488
926616
363355
750528
238092
163722
634202
786439
569339
924970
959030
215026
893826
911893
368017
114255
435894
430449
596719
670181
360216
46644
953204
264610
578983
105639
504678
628437
982898
357333
215659
975175
968186
68318
809482
469409
458437
696929
219350
8659
528332
231148
615857
623661
543146
886385
443789
187603
790956
141712
22657
948536
56091
768281
634601
749914
625726
39098
229494
298660
843740
793241
851506
932675
497155
557407
986831
606566
165240
733192
512677
890127
104387
835281
241350
977813
581930
215668
214430
174778
138329
419185
196327
531121
824176
827843
396696
738647
765495
738225
67394
976211
605465
770321
307766
439214
482929
212310
721855
992071
965630
786991
384921
745761
225041
193057
98650
560437
452159
23620
649751
144312
677998
226768
209707
746233
417419
366402
717853
875403
959636
5071
889266
95492
381448
653339
399024
97717
455046
713196
996382
715828
919149
433345
569966
42383
647068
595636
320665
38473
9580
278778
124800
75550
717372
946726
837087
696427
387961
332333
454471
758119
358079
549298
489945
263317
886516
859339
2136
788473
498329
269191
647899
166331
305406
955920
879170
837085
669280
602462
314401
248740
57678
81539
110171
934270
662691
729489
784855
506663
907888
309313
506424
778097
457556
154027
877937
509884
519252
818767
514023
489774
210791
30149
635109
51329
272642
870580
645464
922743
391093
724740
424351
934575
981925
325460
801609
15961
633470
660662
256160
178880
782409
246398
662711
642908
132871
445512
441860
679163
196197
789761
497940
297238
681546
994795
392604
967450
56150
217185
349976
873353
993773
570163
357513
466393
485806
199910
655895
811394
988700
810188
366938
731136
698680
279518
372872
249734
820422
897272
811363
76143
175313
912634
820591
550333
194274
349162
369204
806826
690742
941916
342853
294334
690085
508756
83714
202028
457227
473033
222621
37554
745779
204095
965641
667504
88874
472337
866079
942691
578282
179353
197719
140812
312026
248317
332579
492740
895433
926151
205932
585713
992844
383010
679452
364675
375928
479113
127852
940048
565614
11194
6523
745055
935919
81619
366280
312564
431096
117360
576826
120664
643556
477833
642104
829250
180465
701217
923910
388458
226860
41049
556553
186851
593229
770850
49795
396724
240377
853433
118198
1168
186649
170550
46322
922185
85920
28202
920027
355693
160615
518397
539717
670356
825917
54666
460531
596314
205613
375855
933300
733166
855942
454659
139798
935844
966498
785150
823082
448916
806787
480025
576415
938161
529613
29237
448984
319421
962648
953208
630840
493707
835998
195284
710591
622760
793176
447162
595714
899262
97002
398046
903891
108529
494398
717523
770874
653415
582225
203829
54232
558851
601029
440716
515357
69757
702500
300050
149204
970508
536357
102939
366580
731478
318272
319134
112889
838049
575166
369429
265806
557687
367721
797273
963254
961774
454869
421421
524055
645490
167021
195907
328749
513178
874864
608966
112064
887996
595417
968035
220476
101199
58574
37677
70533
442917
653270
522774
589274
18109
826592
501082
139183
489865
304514
71830
29413
450479
587476
225166
6562
868912
764256
929476
830256
610264
353203
604446
146598
454178
216563
373213
241453
230532
745453
176280
581285
124988
762752
996242
232369
99018
456622
147832
172969
335892
890876
649540
445180
347845
978029
339604
185069
505459
819026
788438
894646
398146
976340
755164
835039
410261
122978
505697
377176
68498
565523
674846
559130
743132
635203
777834
660529
93725
915911
509074
914933
658975
984849
141557
816653
993077
798614
571804
479159
663959
267864
756455
89684
778618
252313
403506
499825
437128
636516
21493
14818
379344
832829
28664
110949
808365
562745
108359
994142
105848
910901
316889
198774
765558
628645
375569
381108
847958
538946
191354
265
758076
298849
782329
275248
644686
744667
590406
46357
179218
884674
153929
371445
527957
48329
229005
814160
988355
700511
103359
693673
216011
44174
185163
98529
854618
651780
94098
766853
958153
965076
449634
736256
658012
234247
520509
542292
732778
315354
29750
862523
846891
643974
790976
420219
366786
775516
934497
729003
261310
340298
869559
955641
463446
805417
480442
497096
185185
222495
193624
200323
2073
964294
187670
663673
749313
143317
781148
132811
22649
857674
305003
305883
274945
452001
989550
124861
354895
29909
180916
931632
6972
855561
476225
336665
724337
962862
128665
485198
727663
462879
838889
626934
617221
373564
938627
662820
436999
584341
711875
765756
480797
144434
204926
593807
775160
749229
534643
604302
597025
579769
694635
534819
751733
764402
294024
622176
853393
393658
997198
774825
396770
732893
405271
630542
98302
939414
206185
940611
248866
978831
667535
217034
683312
876719
799165
304423
200793
204818
695750
305412
174622
962646
509483
977171
675490
355701
790760
189282
472589
825085
443899
800711
491184
941857
675250
275813
341233
222646
940704
832151
348015
410482
532534
743811
895727
862021
347766
761307
826456
903676
362339
81402
898157
98311
538276
29070
388946
464203
545772
870595
700329
187939
951129
498472
387716
984361
912450
941790
209281
313366
106573
228
529222
622393
942209
238493
372876
136226
780804
217780
515435
921915
947247
47150
911394
37624
859645
957663
440832
473199
816833
998280
586440
761434
266086
665144
877325
853094
165372
545795
529606
295139
640464
855794
697996
668909
123549
678418
700589
397277
739397
640444
528945
477007
578921
294619
172465
323561
335091
492946
339115
616201
85209
697450
802976
614542
969132
505191
970573
409649
647295
799802
306459
231011
4050
326157
544917
970829
431510
847548
712567
505862
60013
288292
592193
858230
917748
996091
998046
364846
571156
767874
470185
734328
182440
363464
826420
240013
534822
684771
344001
128249
430664
596914
407717
387403
54803
921763
714564
780301
490599
234416
235781
35974
159147
291407
579659
248425
207385
373923
396501
808794
242542
907185
541085
369145
304611
609933
70387
816109
941921
786133
260365
938969
239220
250337
306894
726671
362482
593907
640772
723615
240840
396958
663809
821716
391988
844917
76328
356442
650904
628664
416918
920921
126438
382770
173250
1495
970984
478929
948817
370536
327858
133018
357148
673397
699912
423123
18641
702318
326340
877693
251848
239545
834052
530030
946919
512286
835778
270905
121690
188832
407481
755547
133371
355328
870469
517642
546994
583532
821373
884957
202079
350607
436736
312383
14853
952591
578116
38227
925658
860284
603941
125565
713474
283231
605452
813446
201526
548348
201601
932037
540811
42271
130437
153609
748106
309199
72170
303609
930972
717934
126324
574495
753897
846165
868155
948194
324132
990447
873218
607790
75924
920712
154910
314748
163535
510131
861437
586930
637134
320228
988173
39563
864831
957632
475640
723862
507510
766168
962282
410510
837933
688551
36011
744464
232649
83334
955740
390147
199340
660895
53263
930668
248781
824212
840911
7665
930218
806514
435440
36395
550119
956949
708117
823066
837000
365839
338704
977193
798139
965393
809127
818160
329906
274446
823550
373276
955863
920251
553471
242673
443545
698753
39521
65666
724179
976373
518257
952890
977495
7454
951417
441303
337959
285081
771271
292214
496722
480173
315843
85494
440038
315347
290069
69572
269173
564817
400431
773302
652133
494406
709422
222029
533733
324944
191784
998856
767366
348913
116747
735596
120585
519991
603362
858589
202855
575870
981772
16269
233417
913759
193419
132256
224874
827933
843457
979961
26170
971646
283552
703809
565222
583147
933182
818298
439631
928061
391725
835895
615781
939626
403225
432567
3735
48277
727473
113822
410091
340101
133977
123730
862971
401751
127874
111151
632385
434297
231943
33353
33359
784198
611358
412097
882295
466159
42144
266581
638346
586993
376124
910860
648608
751105
320585
933747
586320
132398
885914
472792
730374
40378
864537
399567
351293
637029
672545
482424
702949
61123
188691
966564
241009
985088
467073
33446
338836
654736
268773
530826
841731
934747
284809
544871
355902
767273
540571
608653
941719
891953
479410
432949
338332
72036
47537
534714
230447
162913
456919
543891
507974
975666
488407
688837
774433
285827
155415
549901
949304
195480
979807
490952
301209
583803
269914
617179
313103
850627
31056
889907
469525
835197
178491
472804
501127
406174
264575
173397
969601
331739
900610
963439
569404
391186
714282
947559
361859
318900
4052
222410
953227
119798
326219
222119
133007
274911
864298
240074
476856
453965
195064
845733
701441
58762
904338
804673
194205
791007
1314
11078
125610
248450
933158
125645
499284
476963
547289
331753
404628
505965
652469
322161
40461
449018
332046
393750
868318
597300
958505
314288
61749
630635
831044
11452
339885
809555
888447
14928
647653
686829
525668
977616
48420
888640
743565
215641
800591
247219
176072
664908
192009
209491
879829
457156
315992
959259
81760
320592
398000
916646
489643
701785
332746
968554
309927
546027
30874
584039
493424
480468
149573
923579
872701
964404
523277
998898
123013
961239
437239
225482
64546
776586
871130
802712
819337
23769
319215
952404
57511
5177
406107
10628
436662
838166
472413
956687
43231
556294
162062
86144
205676
75063
812679
797217
540350
112219
132690
543742
919912
998858
30147
633339
735532
285857
663442
847853
951182
966432
616892
327710
336969
479863
255467
653829
150615
577242
921911
567065
431333
564277
264680
311789
355301
28303
660161
265626
182649
640076
700331
252504
167562
382114
438296
586215
123972
654515
509582
423437
555214
330213
578627
519910
379233
781569
951715
845760
707076
468525
900142
258629
29065
243409
863814
654938
403899
89397
404868
492865
628302
926175
280483
815277
76781
766201
22315
610247
849886
400311
990693
749109
874278
683653
569884
638839
93630
168363
4149
771115
757559
302615
645488
484658
606495
408104
83097
513471
703929
676852
215367
700780
723095
42027
284940
560386
34229
1700
653730
681954
514045
685327
491975
993641
990758
433942
889221
499692
409254
748895
657434
859815
823789
544765
606865
641845
940065
968690
833231
266259
389608
940272
271347
649557
55306
141634
914656
318904
994100
476664
170751
726840
962100
680458
257242
876014
854932
524527
341612
787090
619059
986134
727505
670761
470703
125703
753902
15009
269561
479853
278836
124122
780575
635699
340963
220673
658457
760790
239038
363198
580187
94066
766671
498495
671615
615557
976618
98065
40867
369616
185245
200297
123902
186097
403387
266087
602460
617688
326942
705098
951212
331980
604658
641090
801563
823652
626609
942777
810262
732941
506327
824068
591020
350257
972726
733541
981019
208732
999193
597609
468875
235325
985752
106060
161263
908752
437993
84270
669605
19168
103462
983413
709131
159808
43555
236974
112705
576444
161143
519412
143636
257451
116603
657168
690409
923537
872056
710203
77054
323094
17896
278766
743855
643861
159590
936729
987515
300385
509336
572883
475563
38603
570764
534676
886437
285910
990254
38834
205758
569207
62556
852916
957624
102887
742927
749328
150348
292520
765760
768514
26826
876768
997850
739017
334809
471888
304418
635206
949183
197620
617086
624778
932357
435894
649668
126740
910110
428231
442362
367120
38502
273939
393182
644121
596607
81371
864694
998050
678920
837064
369364
40520
876533
278068
765635
569384
543869
423878
165726
755797
974383
843017
659371
453495
933905
118564
599434
870395
598481
571425
623828
910298
508602
752435
127704
197153
729820
452207
538022
673472
841988
500820
50849
580533
78642
730955
90718
85680
757733
507525
799036
562441
935053
855901
767
880302
955743
142582
261223
575693
540363
448024
174900
794508
467139
665329
47136
163128
145770
580113
335685
34891
373823
179492
137277
434363
61851
194890
785479
867428
688075
978005
946447
852143
635779
870933
163448
129472
227035
88860
893491
670244
783392
220150
312856
285220
161584
855499
820646
433855
208739
85037
519140
263233
232118
755053
426516
897586
930738
6723
734302
778307
491835
492122
63169
689619
997629
485588
569121
504987
671777
807052
717361
720583
611323
912737
996577
628163
689734
938254
670502
248179
604595
383707
892192
906397
670805
778864
42111
360019
311086
127992
121410
938214
851424
956810
496567
129611
508776
648561
784553
269674
906277
513382
960573
286785
581497
295413
899574
956124
909812
445873
990590
242412
269615
465210
555995
607984
585921
727406
94536
998884
709161
877351
506946
946531
472662
383481
290709
861598
684198
504095
928890
723263
709459
951022
475976
918712
403997
173933
217416
634661
683718
133958
316238
568311
797387
526260
110358
223801
937036
324271
502562
830991
759424
11563
988366
523965
803617
174020
394003
254802
202759
800133
451406
42768
237483
416501
30479
479537
974356
541991
912831
871440
365934
399503
363798
675916
186519
725101
288943
310974
832073
124412
279731
256302
577054
742973
841294
945437
445678
836379
823707
496648
477506
580363
378596
227572
572074
895436
458284
222400
63277
325494
866408
918788
403881
727437
828072
728578
200895
883585
238663
411657
755338
182466
603130
102463
798750
268282
325435
292542
99980
359865
98311
526653
267396
291376
275423
725960
557584
107495
410263
894567
341705
612466
195478
197232
196219
14038
511294
309205
127101
904453
541224
695211
590263
376679
914062
302431
498234
167902
725389
784302
589523
222976
26934
689052
659670
154352
909841
970088
420562
603014
390219
391482
281776
416251
645600
619758
978395
994704
793063
115397
454555
710217
575637
845576
570171
122192
544827
45968
72501
7736
726983
921802
246461
240238
255985
664037
135589
317009
912340
647171
934044
345597
307690
306994
55720
55382
229861
179223
502779
8899
273617
925332
365817
576502
952719
106934
83951
279864
727018
21616
216869
919681
866392
681719
304126
423425
456602
536527
544001
536012
463070
116607
133961
807962
815992
623472
338915
760807
578233
961191
680619
200339
628917
914461
37166
504710
685836
994769
590915
79684
495039
299586
991441
645429
789812
938736
763899
428023
486952
743783
251704
952674
473291
763779
40550
212818
421978
209651
653711
679246
118712
61593
339909
838879
627032
365781
140059
707679
207459
368784
455152
427555
135101
205887
839648
754250
629410
562071
793425
733162
847198
350865
632450
745563
867
290530
591524
317588
169682
702435
437079
613551
9932
477789
31622
99064
609151
6916
642508
910125
658215
597719
180842
11174
162472
461996
443133
208128
328610
925529
641296
411837
335224
532270
67671
590738
472421
582281
560184
232683
209033
845994
99097
679411
854442
736896
596758
731680
610780
948411
559152
855799
517941
668720
162227
818769
487953
681053
908586
87515
831645
581003
752939
33223
118839
472419
26221
159695
569444
930991
988943
260477
296053
626915
261918
628980
648379
620611
980622
836115
650280
890645
867108
5012
695971
243295
377143
870606
893171
860746
695704
589025
130949
761591
963655
313514
513111
573800
146676
224422
676124
251093
728507
957775
204213
998230
867757
56711
70563
544227
463381
156148
379977
839712
83123
810849
744302
408438
762338
538628
619147
226991
874333
834404
604399
218540
939133
185408
755220
999944
509224
539402
902759
868212
522010
10220
752161
712074
652536
476860
650268
469143
460549
180451
138415
765576
366500
500659
661910
797849
109702
329353
475157
394054
437585
789419
934347
263250
584124
105797
107546
685694
509351
700879
543176
951650
237819
113499
66697
686573
671820
282338
634995
17180
754244
744909
413962
404185
287323
234644
283438
412019
847275
530149
984169
19343
595703
464322
507206
759721
458322
288746
467525
359213
630849
993514
771552
331560
721543
563531
996876
352989
535584
833864
860985
48590
39272
77342
949038
96667
643345
236898
398543
227293
462607
34067
289362
161838
368762
915750
128448
769040
87443
539748
4703
2827
401599
696419
898374
265389
799172
732832
110598
991703
509953
575836
730432
92064
83049
16482
309925
981250
453412
980927
146240
319975
38608
1276
278608
175720
550792
321065
967728
95890
869766
324533
728401
184290
623266
351167
283903
886288
267484
956560
146564
346335
466744
114014
688750
724591
58830
258569
967652
851340
38999
624351
192527
290949
955694
847061
909773
533854
754507
307611
198773
917052
590260
60566
492974
870896
760919
660086
734176
88482
551019
234533
972698
919105
116930
243148
993909
357408
610173
829846
438768
591565
540761
454982
246198
753826
30968
437053
960858
280928
758480
501291
470369
191993
699670
738481
855757
265970
423542
342563
800849
948857
703148
61525
573561
939199
979098
626377
679929
801323
454870
472571
291223
603110
416951
732962
12546
332562
663381
119605
175262
902754
551768
62828
125351
246976
645103
976148
288004
219544
1580
501412
939304
874962
778286
942901
137086
510912
187199
79612
795968
178196
895902
376643
437552
842169
511363
400780
198944
789741
923568
920279
409245
704450
849125
440541
844082
418031
876955
732603
352554
643020
444630
343559
967558
460717
348438
884258
265886
230735
631701
188566
905048
252468
260285
331293
666338
303559
226074
100455
823689
580466
897057
856955
101238
305758
169993
333282
998118
906870
434323
90361
37527
640828
774249
34257
761911
476719
160670
368811
261113
609879
583819
563106
232789
225232
251216
932651
892762
932778
217908
971753
846907
662735
562209
767386
68837
163526
292842
400250
856352
98485
475724
771335
855767
696320
482721
641017
482456
720559
971555
214685
130514
139999
965742
364309
640320
582767
502364
932028
40323
713265
737648
185374
550467
404069
341070
486268
330253
439463
658379
492266
480141
644402
966488
665389
687533
218354
290665
138069
895050
397941
838532
242805
229788
276452
591703
614778
267557
421444
258339
473256
475498
638920
190024
429974
258055
723596
191879
317199
966430
594874
880538
172296
635682
223954
567761
911295
776281
837340
320687
837352
463766
23400
906010
58718
178488
957035
478157
35813
908219
357657
387101
915021
693466
387588
575352
596262
563367
432560
917822
780324
620895
387327
473290
575100
304746
995505
714784
89677
933552
521323
612886
835953
97789
934906
376819
478446
245656
660211
197007
991070
409548
984781
667167
137945
78221
829722
455451
276102
783469
553854
505065
101287
984865
935960
130313
236087
660282
324529
437299
555557
266069
213437
361651
124391
298205
77366
423810
958456
387405
10117
209765
850212
536398
954755
688086
653057
613980
893988
300221
357430
10446
359180
677887
358338
499530
689998
760201
745101
199217
834964
161606
340947
642570
465701
568239
833486
506621
196599
901104
65829
51792
786620
300561
316171
780155
531609
520371
613201
693698
393202
469507
266373
191687
256041
62125
905448
522178
735623
324061
412278
586792
296720
770329
340594
201731
965178
772931
537964
57126
577764
387512
121517
52810
198569
769634
47093
749912
704347
312234
128584
60503
194510
85949
475067
220661
700640
474896
82265
564884
379357
530922
577963
966833
812941
391224
990339
908387
946471
224166
753624
635678
96699
693553
266507
246835
522877
559739
414138
394337
548069
444353
20813
852704
34616
314848
574807
954388
744693
902305
310316
447564
83367
791949
387842
295460
892345
559909
884046
300858
186690
678073
477998
87246
552266
714089
546716
163938
118152
336020
128376
297507
48365
719311
92183
3091
615935
753630
960611
976163
634210
400525
242672
860448
794624
94770
875689
474614
267728
171506
982941
259283
89257
808824
873239
85303
916615
359610
312190
840702
690040
183844
373717
58350
747607
741134
576059
234559
505497
416623
804550
472014
463757
809110
645085
851019
37722
991930
125264
204376
125018
334746
641168
799861
973752
877490
505207
140426
530156
690471
789743
4030
329136
127472
324605
342631
141135
730354
23451
434820
90789
294099
662833
971735
777967
537737
128303
728522
634489
377180
536589
33760
559256
814499
537352
324175
652960
776185
546277
76684
494939
579072
799780
328131
558700
606662
374883
673594
228562
15825
258575
901718
198523
572775
803649
638198
712777
882390
768769
490444
69680
895410
422055
281135
420055
716844
42684
776300
595503
280840
22014
259614
889367
948432
250682
902366
907149
481501
204329
640941
410854
647776
284583
343598
700363
341508
290606
780415
577899
449045
452214
581463
556123
752599
633897
591859
269114
65615
634232
532379
901775
366802
557844
11691
516482
715743
94590
589553
551640
629088
996806
541794
127657
691047
613811
586018
522496
818554
700483
993219
539366
851442
387109
814511
781036
543347
96263
54004
48762
453018
414733
874314
916207
977450
830605
603309
430248
531904
820044
848100
749914
624312
932799
189077
993452
11328
290349
88414
507903
548614
880717
437782
758070
919120
278148
150159
159252
945321
185944
762855
996
321027
626160
557187
759189
244516
401727
303041
363208
797650
191125
278040
165795
153521
587307
285577
625550
690411
776981
176728
380148
982682
392957
211324
748487
863658
752672
646611
153564
331580
763282
848141
800289
554485
611337
279596
978620
947257
34993
586323
74130
50464
842591
861603
182949
290469
287054
716187
574473
416448
589226
767775
146169
816629
618887
789305
893571
110236
978650
784653
383795
295428
737187
283729
728756
281297
868610
223011
855962
293013
267203
751880
459153
340424
112053
468725
534957
518231
980224
816593
242090
903926
915832
339721
293214
635660
29369
266484
56721
132381
421835
458766
455170
449609
989314
659397
496267
692562
468453
621301
679739
387544
252240
320995
877003
380257
97667
544935
631539
140008
27744
246420
502865
544057
365566
56088
441448
535388
151942
753367
689884
106693
273096
375192
181767
489037
816906
927794
282537
816684
318637
120463
968671
59440
89782
80954
120879
455635
637526
926474
207628
477060
964730
354227
550373
906582
618401
248304
459399
855149
8564
711244
608050
406269
62584
217140
723838
278054
914667
497346
392518
100106
860498
63383
420652
624211
563058
917425
559076
129086
866782
909679
766350
411002
47530
819203
173898
68612
290685
806936
296647
404959
939947
836705
555815
169928
862668
291061
559866
535860
404127
636723
857515
744995
407084
555518
446980
542977
462013
411226
258693
553167
170172
504982
605962
980298
537027
468292
904965
611671
811221
700438
21000
425539
136398
961703
438310
799214
680232
65776
336145
922477
986401
142813
528780
71658
311481
440575
576358
70709
183457
871214
56157
724949
20701
439532
427540
637862
868760
280526
801758
135075
990870
112755
374412
498169
79108
814191
701038
730882
862855
946466
133237
907744
224171
427397
612837
364595
165777
27571
397726
943431
980759
112332
424253
829912
183580
708676
510026
522559
114420
969031
760915
917504
520474
920947
331134
5928
308355
247834
547476
156867
930869
900890
325101
324114
495243
411203
497630
966606
64536
107426
514412
561710
639783
547499
509575
883944
576017
692356
552588
521624
499192
12541
60213
514548
256062
824987
327811
347458
462843
637809
315572
436928
117118
769755
733906
501499
74743
727037
500516
766204
360968
673936
921655
833226
254028
123438
821921
24098
591226
199230
545158
920695
20764
177363
254626
631558
661416
186103
827673
474573
716742
334023
341854
840709
114925
766208
575828
687960
38970
126662
248500
531457
251493
952043
350842
512537
708775
476192
829591
65211
589446
35612
712839
319342
170628
455545
582504
572563
280698
936050
382081
11192
494170
31915
149157
348442
154776
281125
630678
261386
851693
658507
284080
802189
982414
270643
426981
933489
457969
247074
588952
742087
873034
665781
88497
538502
799303
777816
711175
8901
197596
152270
24426
790041
634284
612191
862411
323907
788034
877672
494442
804620
636846
88026
894143
555742
55713
52512
995431
304316
492232
975453
722720
710812
33203
539149
522541
262862
992610
515145
694859
925252
703978
982802
925548
557712
633401
202459
27072
365461
273135
192647
373219
117233
959769
212323
910356
646361
40769
831102
731341
377644
878956
756401
104796
365785
351803
991515
968294
833737
566706
900637
273322
643588
630219
591602
892738
495139
980809
756796
430630
71638
18595
910779
476233
682789
340112
621591
169474
745070
234529
740108
11211
440177
391698
886979
219061
744679
611275
181675
982909
112792
377605
67642
750650
509729
459314
841104
60864
399587
14291
819988
157097
784458
535315
650726
870148
245365
859431
329389
362706
985865
747751
637528
310870
541093
407248
79
418845
295600
869972
230642
439977
735566
773569
201702
366798
770027
207743
676285
593780
335821
998048
454853
226428
200112
678399
117262
818329
407792
948245
978233
374565
609066
967744
476518
532981
427608
880820
867862
561597
613116
805858
281898
731590
260627
322598
857691
817727
750450
271836
921686
178518
289944
302237
35918
766643
34060
598238
354338
235858
369189
272470
303873
946885
510229
389224
29908
497956
666970
270748
769252
611871
209920
780986
539140
780639
6551
177224
729765
716218
418190
394358
2724
616607
157029
729030
182210
336205
391047
64841
255129
998749
87237
743503
506767
432459
176942
321639
931215
431443
598438
1456
251261
295726
326425
880340
130484
674142
417192
278740
174183
143237
89003
398425
339679
463794
51392
634543
275609
614312
377098
610511
915185
261321
296973
974065
576733
205145
825333
849770
106572
792428
595631
847717
760735
572700
566494
285963
168416
643816
178462
280968
375912
155098
635810
913120
953191
931003
867028
167306
608075
650833
119056
211296
768191
459577
900587
676914
799418
317269
616112
291459
352420
715845
733563
243716
701141
856399
325780
209534
141773
484175
769551
617317
796588
437002
4343
692546
104859
274449
223294
403872
882803
798286
255161
616792
421127
760314
288611
650874
165297
834381
677124
594317
528854
753987
893529
766412
970365
81505
632164
982277
8191
922936
882450
658561
675535
833015
110631
181077
369955
33004
133714
253065
598006
189781
911478
654654
972929
189267
159876
828576
821578
392431
791414
340049
608932
848967
56052
352516
949790
534859
278192
304116
381377
935084
15966
693231
369698
650418
370097
924914
258781
795800
319892
620000
335480
211181
76006
208990
987345
347526
939607
752280
734446
668014
314529
227326
396439
723722
928830
437454
204851
987108
256465
187980
885709
429649
837562
886303
998438
488424
655693
530567
539818
690373
892426
10852
210460
72139
954842
392043
121619
564657
383235
226973
507878
922863
360467
557264
787024
571090
689568
59394
55238
242911
218844
106076
60702
577076
247079
466685
487877
957276
405915
542715
337040
872051
555078
464584
87042
195158
961871
360772
6107
219990
306414
352575
971528
374363
920303
335479
576467
577918
769823
302919
376581
261312
836575
560052
800517
377326
615414
618741
976019
940673
919557
234784
220011
770798
17837
211624
826815
208698
890817
59897
663770
44687
249054
664323
726108
941951
31451
828678
382069
954391
250150
16245
360649
16361
692695
818161
504864
448694
927420
93649
390705
908184
437018
819186
537354
816341
201943
102170
183634
447232
978521
302198
968292
869776
769807
106877
253444
889599
334153
797639
509618
41953
806577
635533
224267
242065
654493
268408
164988
716883
944195
909851
548046
541065
6575
131490
382169
397751
283416
197997
327594
515083
428835
475691
24600
140951
177043
937742
372734
653025
377957
10498
392513
835301
565917
824921
754680
692614
432462
55594
373599
546720
143457
373965
961374
241418
223781
798412
145906
4049
160710
87204
36704
121528
938943
841282
254020
354644
175242
872911
487230
725530
19326
147486
185915
961911
463733
658427
779687
33073
897674
862031
680019
899700
9192
382651
759084
599220
704531
457993
496324
565873
543435
500158
978382
827538
634397
592135
819067
630033
247932
83282
834316
759272
336056
405605
974691
750938
487034
649247
104373
82644
679091
350816
157423
684928
748915
671897
975999
19531
845597
202928
102317
99678
118436
618084
97365
367462
655334
367462
948069
987778
117429
773319
234568
593451
568149
398756
536318
899647
41501
590088
233881
15928
179293
183266
612552
101168
960655
90883
756719
829499
853062
90489
399710
559371
61434
160218
489327
227878
737028
538252
737004
758901
674208
130539
709103
849483
511388
482208
722309
910278
765523
981587
470600
992166
24422
421829
696012
152546
565108
38969
720116
431379
821460
457435
612589
640541
853740
466315
713830
462553
975816
549278
583751
896002
431557
448417
482025
909562
555214
553270
794673
799067
488814
631502
318888
875674
729645
327793
738080
545074
528953
598881
167257
738666
98476
201230
432787
610753
317246
816382
678595
543781
739593
785622
16447
33130
364843
980129
42816
665132
952829
835908
219101
354035
712529
105053
907921
417504
371550
376104
311727
697922
168129
546307
544472
525436
446942