602614
714387
117844
252904
29206
305909
667686
609678
482135
606428
109113
142515
810067
4422
755025
258216
999241
288351
904322
39746
861735
688942
341260
981808
424907
50267
245301
815690
9922
129378
961432
861313
337764
898381
925379
767234
156538
423201
691002
234249
519991
530266
46489
483818
717285
275068
598670
690701
47424
678633
469867
774908
688893
611366
749600
266565
740273
689772
614245
740069
993521
550325
717790
642154
95518
419772
608323
357622
14847
534683
603430
820298
146877
874643
894607
254663
663364
523843
342435
963928
653775
494071
150328
414236
404766
428895
174479
590172
664165
271643
929728
456556
120847
534383
259681
625467
731985
480085
427664
807454
4422
9922