206993
516235
432754
448282
110902
24205
719238
187240
970514
652299
857110
907213
769713
415539
297156
489707
963494
565122
761102
867811
841784
206683
649186
822744
372755
714140
171217
59445
695366
488150
206319
914187
999121
972549
995143
51933
648998
254091
989261
542222
67097
649882
435452
231658
780768
855790
70215
103168
895573
746883
605771
306915
905581
908572
890265
162484
114621
901210
662266
767446
173369
467372
530945
881559
908505
709161
740799
517632
456744
53707
138974
483205
808297
714483
692216
69759
35688
806120
135730
360751
161961
522721
595639
557784
838215
398968
44329
708058
785861
825757
12368
379497
884871
658251
274429
923012
260835
505576
800020
605509
636004
47398
84471
190781
256114
465389
956858
169776
3075
861915
444367
822397
439836
537028
441108
443324
340487
900033
994737
265780
883249
912700
501163
909313
738189
585361
381187
22063
424898
358980
908540
884119
684221
644034
182997
724202
778784
596278
37247
749797
620074
907388
558300
394554
133390
760539
214367
206019
160283
130726
244586
88640
843997
531555
267066
954598
707640
841965
524727
670272
210753
991641
317962
73883
886975
384011
312405
798123
590299
936912
978561
591322
89821
828275
819398
678123
780891
586021
294888
175587
429702
777123
901063
207315
709684
449038
780326
457215
493913
296483
896736
379656
452605
542615
845862
732552
656087
406208
306372
338916
825865
212104
804999
31346
574074
398517
333218
234031
194812
216778
325080
684274
71543
425369
170083
526683
882929
191060
276657
118903
156134
653681
305345
754803
612113
492172
543527
629041
524388
738146
556984
715
456341
161982
90081
804776
305176
243715
243058
102675
21545
541370
792294
723999
261167
693512
645588
286282
544642
372612
218910
372258
394767
821438
833508
729123
312255
541943
468629
786441
692252
916212
294412
173392
800755
478141
530254
288570
83298
679458
62617
365535
259665
784070
576038
661330
730177
785396
123749
978984
609307
208208
308043
177256
662919
385376
750437
700791
780511
51493
486133
173972
88824
483090
301187
671209
761653
530251
505689
518066
518041
743205
711759
281090
287392
970609
519520
850010
834785
358989
874149
551343
525207
967819
792300
270909
778710
837086
593501
675688
892959
143512
213164
562990
457804
939485
668032
967986
222655
363098
735549
910129
350545
93862
278591
82871
115359
369474
873890
65827
880408
802252
834158
368687
989277
190826
265936
73085
319216
558777
729359
767836
14933
178032
734315
474159
802381
517523
967726
80544
89177
530447
997801
843938
645492
238001
796249
870363
832230
344078
492551
402933
121676
800349
762123
70480
906661
559811
126227
106390
676889
860509
97769
465213
916432
459820
641302
322134
803629
584351
689217
279382
169110
534901
78855
227566
210088
10297
522367
240919
455192
848018
299070
995361
575295
98948
280139
943599
10272
37217
779392
771345
135151
700032
266033
922574
209408
938822
152187
416297
471366
515281
4441
65429
32360
793849
394433
546469
729950
383261
414788
862789
39976
952989
77097
754746
862708
257734
241910
667468
179188
426430
380400
787935
760147
205851
147628
476881
461097
273744
936192
845527
838027
504402
608870
905112
482284
174298
431472
944860
706284
704844
470184
558327
872680
276223
485064
519599
793579
856605
837412
952661
133996
346372
902610
316310
800174
229105
139473
874834
114664
697118
31992
918322
15851
850551
772814
118556
535081
687399
344856
589439
712151
616199
603650
556890
619491
743100
933429
159122
547225
381911
413835
922695
839264
616674
327387
74674
189327
294387
133216
881530
573539
162948
172884
485491
661477
121711
489772
89984
471934
285934
510816
180360
769368
400191
478352
498984
438145
858904
656369
832926
435089
219815
663348
674843
656349
497383
323979
546584
379026
521080
572974
506801
121111
359755
158544
380924
483728
62663
428047
293851
451591
546469
564008
396524
218936
301050
125446
326383
86542
599744
892971
529074
355329
175674
285227
87399
686852
176780
387480
88494
858698
477969
906674
834573
248924
367472
805628
358443
945257
720716
827313
987908
767098
812490
254634
3476
976098
557116
764713
27350
601328
400219
536277
855670
869494
776379
503418
444383
277603
657028
795978
437583
752528
494017
561935
491264
315984
705922
367186
999089
231932
414048
630334
571999
446962
162532
392760
272293
231965
831685
209128
216945
12311
316994
187798
731481
642648
19445
194001
964874
64393
28169
133647
28892
797382
442361
722009
200731
94064
514157
19059
102517
512183
580743
692098
739699
109064
30670
564784
388802
981418
710486
512709
893492
653673
845726
138301
599542
916820
740694
621254
505212
154803
38439
88369
172533
591909
789067
832883
994059
936362
80771
992484
679367
920339
102071
431393
902620
231109
115676
24869
101919
986500
63170
316624
743756
638542
553071
428916
612762
778784
400952
258205
898674
43934
431944
252564
657645
392016
681526
788744
215115
578195
581170
377218
715597
89409
339288
147827
293912
434400
850303
415351
562779
704266
66734
72173
759464
527614
605003
8417
32739
86773
453821
58533
463204
279155
113054
22782
160817
595087
564830
128305
494510
392610
646983
453752
874498
900010
546313
838090
180644
292587
390432
105271
810060
825400
67298
222052
295820
425929
805125
235662
137345
167048
462942
347288
127927
787625
263251
94147
467395
271670
363780
526789
509669
435094
662552
669309
952827
713557
861320
133040
715817
102375
229541
873942
147194
382031
408128
97743
453028
473687
771324
956587
911287
7709
937318
151931
736073
184076
63728
695570
15380
476069
785431
522170
459752
596942
192572
541158
486068
55261
442006
683840
543014
481414
407013
790772
37299
873688
283799
515275
900030
129443
17256
824450
795513
395095
930032
470728
16843
860056
23466
359000
430507
153143
99991
816431
149207
563884
792241
741000
879816
905650
298852
326017
75182
60170
308313
895385
914360
180241
994879
668129
204482
306694
574373
554343
312552
937137
896966
613283
132715
545921
788557
11239
563277
382880
165005
788256
432013
207767
480045
633050
48807
238150
436564
356325
473573
303650
376912
451094
714006
679031
952490
153461
369
350819
412542
270731
637316
857275
719643
856930
776646
997832
179634
718025
849005
177621
824379
895196
469038
410182
55863
327154
878339
529069
12544
727809
359777
982802
302585
36079
903424
825250
365824
315344
346771
291096
636723
375975
828282
852205
566194
346850
502001
932181
327735
490126
768669
623919
396898
101571
436202
722870
803632
889570
389243
848252
835702
848433
544618
540808
432769
425971
959999
628650
974616
267288
480174
537362
8588
847312
888091
36769
760477
985647
8534
303277
486850
93745
331722
59404
174746
396941
925209
263844
46384
885861
250016
398047
808968
451962
606887
941176
250308
120522
145572
440401
927628
793412
645892
291696
937985
360768
197090
458913
840777
886659
155702
422203
37023
801350
804087
523304
193235
673006
750339
591570
833463
157463
365873
185931
668705
238795
734675
93432
844937
262768
403645
69627
354979
681803
948074
582698
214065
761887
776672
46541
663220
830754
646468
696478
287506
278841
322629
206320
656975
175025
903122
263277
541425
187726
793803
2642
744283
539241
525212
24472
862374
193018
164162
108561
143974
774858
892317
524564
192627
992002
483783
544937
98563
623517
316138
2106
880595
700191
602546
81321
33811
760970
331708
577631
742432
204668
204486
383846
648378
412115
831324
597029
290583
507299
824407
639428
625526
820915
327258
156374
982900
303731
377717
875895
155256
785355
284836
330851
83319
807233
124508
956610
279405
769204
382797
344892
907095
639835
885665
584873
41455
27120
727943
135060
262796
765870
814799
623197
651691
790908
986887
596257
29892
399032
17081
89979
574635
682391
172961
655660
321119
592091
457022
467300
865696
668021
280958
942728
341512
830560
837495
140195
522440
265148
64611
596655
916118
667538
981902
34657
165418
854767
766136
431593
126718
885033
129998
598895
393173
668946
709419
167236
910487
404831
512726
492272
603972
401784
575377
901110
687802
890230
292569
95915
860546
745235
422009
203855
992546
852047
632485
727710
246615
322486
818888
875692
404027
232367
1131
565667
86434
57168
618203
11608
535525
459016
869075
466501
68051
51774
803334
875883
160320
454065
810625
417287
444748
820574
52737
917220
304698
569119
731416
67271
866633
843854
659458
784305
856629
919539
562783
742771
5046
846231
98740
982297
446063
728102
921743
917184
221799
455850
995165
898156
894210
388096
574560
603011
772125
666740
14823
120094
171136
718854
320544
103576
687769
239863
228626
498095
856661
967828
352048
842376
111764
601297
673273
67774
916489
960782
195435
101639
964026
795850
252846
725617
646772
727848
824567
356460
54646
473241
421537
649506
655095
125920
288852
99692
145719
711699
281615
28137
460613
351363
450129
257772
659690
895568
579669
76444
110898
120241
80435
671475
767731
596475
235304
190074
547553
223254
509518
37673
584088
738352
886192
772241
263229
584488
153241
880167
821955
519311
37973
422156
117976
548751
304494
943122
627668
277334
109954
661429
218953
663796
449417
691171
534241
25139
498262
223976
312872
939136
362608
623046
136814
382787
836399
654014
549727
813836
184393
225580
209958
670113
85427
873751
681993
808368
852645
716016
379897
63422
768302
517396
178884
72327
957759
852443
685909
475890
418865
48022
328953
614037
117758
964892
555415
792750
837302
533034
810338
647970
908408
742054
931724
642192
29554
881441
363391
766575
944547
739363
468333
187746
390851
911198
668864
268114
898213
753159
278339
310572
214469
942026
848932
170806
534817
349214
855523
944914
594148
743145
250373
650297
724504
905860
710276
679732
236817
112099
517660
967554
225911
255089
425025
802158
752617
688331
995581
428611
960044
175904
949796
592993
162579
610750
8448
743832
893128
12563
308674
470918
899225
190438
673825
324441
179859
701814
125195
85944
938877
970422
731930
341746
347479
89504
864846
172229
496521
427654
673922
34947
2101
491687
183321
474390
453847
681039
780069
996376
940461
119404
349185
873708
206340
515252
142149
451337
441977
735565
113462
162346
936177
270723
730755
664166
822123
42774
524009
402311
746317
101260
19637
786135
190377
300253
598470
707254
307307
359605
511530
532546
785549
645008
384531
652096
831710
432294
414227
958179
129134
853189
119002
778181
939359
982401
914567
848767
923128
350112
267543
701684
858560
935924
471486
448935
988403
859843
544043
5308
568318
127451
724609
404172
364556
136087
894233
80244
868780
278881
377713
85121
396707
352860
795809
422884
356731
550153
101793
131737
629624
848010
157257
565806
48881
217508
409271
718304
406168
257297
873110
52647
29037
499149
833455
176975
638831
669845
478086
168052
779718
442821
704105
543894
231416
970633
121574
152987
922262
977510
513928
441637
98999
891774
746896
944028
350894
801752
121615
940953
946430
749910
743297
573130
817625
680891
555875
473154
241741
77562
96367
742027
869878
476999
613992
291689
426644
679413
323270
804810
92599
466603
168673
128569
904970
189511
379864
970455
192814
717164
906387
496024
969001
742576
476942
48551
49033
97510
334341
24200
160539
997596
147434
94148
704590
341578
868355
958160
400687
616964
276498
934674
938897
797738
213545
767860
86834
584894
930969
249196
856890
202790
506821
664387
903415
629420
696631
42891
502515
871898
788174
115593
731221
323755
514536
145828
709359
616020
616253
418187
431852
25831
883750
729041
589146
66365
913378
789475
871049
867850
633105
254394
35995
86540
655797
548520
425738
114556
869136
950627
223131
843115
225142
769837
92502
709878
341988
804594
108167
121979
961058
86812
591354
670097
273133
439772
668604
891892
974295
855459
477871
177215
590867
684816
907093
879804
159341
408471
860488
285963
826622
951634
650488
409583
648879
527375
290594
851994
184779
319747
116778
700878
179242
222417
152088
325872
69231
384068
827735
136636
679378
551574
661491
227341
872257
421376
388999
286173
431886
84921
577584
892092
174685
910423
638598
231723
780173
353699
732642
839539
941441
429258
105236
541723
226148
526309
661378
782757
441064
701201
572460
921646
627094
466668
538962
145897
189790
558279
865820
427307
18571
283777
51993
34391
294342
948468
657051
353446
510698
528379
645103
723581
495688
79321
862669
988918
318812
956999
107009
10736
393155
74895
973698
691734
847488
788404
355067
688829
265310
657048
217915
878340
40254
511569
926068
377654
467774
985857
733006
274296
30710
402463
306046
843946
118108
855511
890565
404930
547459
482652
106856
463099
344930
130120
935872
10126
625161
134600
766589
715517
851336
851674
381601
808871
379798
274158
264109
684638
527178
539680
371343
808087
995621
642066
180365
447166
470588
520284
773072
713523
242349
920641
518733
981659
321148
578877
796683
773086
88677
196194
103977
952424
310006
374856
869141
254981
330261
155367
791031
2403
80166
722852
913780
2346
162363
377314
881670
61835
920308
95008
288321
633339
97244
581509
109044
287984
373689
191775
425569
801404
176803
523031
687310
519814
76603
911256
925922
854572
761083
120298
815044
517203
552673
972307
892875
989544
180124
397678
135538
996730
973686
166847
759635
890236
477424
918659
102552
38134
978101
199228
394256
22737
668913
172370
371523
802874
579691
786776
784730
350392
362516
585134
64858
355921
138966
131477
137741
188620
942632
859728
448072
436570
44713
726899
498624
113013
739531
987910
294233
286550
961831
352079
193652
916195
22750
954529
885889
15929
488086
143374
478617
324003
972323
948497
249340
523121
260044
680830
305752
958623
898348
372242
630926
675006
796802
671954
224387
658525
704006
635409
267122
806793
588853
914811
467195
328133
174852
816102
88658
111337
830518
763127
371277
355790
898281
684545
663425
77023
715955
918293
677432
598263
573585
378723
861707
261460
794996
660037
543911
639049
247263
783957
543679
884310
613978
640334
849489
139775
967270
983426
223083
828897
313701
604139
313105
10768
341263
627266
416775
313378
865952
731078
737323
324619
178834
564921
827949
6513
209231
217364
399488
189530
633336
694654
453449
366582
308134
460089
224070
310346
377597
137794
711501
341919
702544
396269
94072
706340
417902
488963
388169
845835
370008
738615
75306
911529
265084
266331
482543
836677
94759
197704
850211
713149
343602
452517
5849
51303
466725
750654
137735
80535
447298
846492
889535
652527
355323
202192
48144
180927
297899
616162
549302
669668
320685
712718
527766
747264
280759
401320
735474
582078
276122
568791
529657
815624
818183
137890
452955
402092
324372
999217
316344
883985
523611
942008
977513
906814
664196
12241
781732
931082
723933
802842
10999
86726
164465
138827
863922
904712
66405
87922
266979
274656
753524
179142
780229
418886
699417
999302
595853
22648
93648
374035
38078
878801
562476
849391
573294
720695
160873
981073
623057
427496
413024
484415
922899
137596
586889
64808
237879
237117
284509
812078
504552
944630
548870
18570
25078
689101
556302
585252
565122
937807
502562
838655
68846
792215
773865
643922
655249
974328
79271
977001
679782
669801
952154
519111
839188
229292
801073
773087
868928
711175
611034
704214
677849
674048
674907
721647
159058
468355
978162
241159
497881
226136
741217
151612
545110
209947
255630
603773
277880
156233
766234
637917
360169
382734
915526
22458
686120
992746
570875
266920
402793
106405
67313
218497
564216
967698
877833
510465
24442
476989
976562
863257
573029
201467
693371
210916
316166
379172
930051
397656
149312
603404
193808
942323
339011
528623
574302
882613
546439
627104
749445
499767
543369
535658
118196
807849
126165
803597
289071
699924
887426
239384
528234
692756
325549
318864
800902
163199
999463
900470
808898
514169
794051
63380
480717
484782
773680
995635
667278
123958
184146
243665
234316
812759
58363
82037
725821
856208
586016
469964
873569
47734
533394
995575
943692
378041
164946
949246
128681
649680
799971
30595
558475
931843
297775
981643
113269
467018
191095
834339
126397
808675
864927
104134
534785
899190
242119
226258
601591
118411
401712
17423
490619
656120
511699
458297
532392
137793
896044
892378
912549
575847
903948
967935
123601
760669
328105
418283
584331
773433
561969
6210
390983
659950
150126
533192
958517
921045
111574
679363
4365
885476
771538
764251
820748
131292
721788
569505
548959
674067
672847
42498
637005
107565
392049
657106
508979
242728
909984
482755
118709
386691
881201
854844
91053
687790
360567
271266
288644
104384
33535
973862
183786
699283
82011
313495
634641
248126
854541
403324
119314
739066
978068
144959
122159
46615
332710
345984
748464
33333
623840
743680
821426
946678
553506
897782
420237
206947
859931
682841
640157
129692
869183
57962
588007
21496
181764
579478
3692
536329
83360
623318
46132
139028
810056
721901
852403
400063
384731
656259
332170
873468
431697
566149
662405
907325
689624
438422
509709
685130
500793
280960
234944
697143
357126
252322
543412
17618
89883
564579
422118
77350
566083
732576
367321
264974
605377
858531
110873
394992
265732
441405
489315
501280
659522
110265
623387
381379
922927
872798
562965
624813
302627
179184
994630
428108
481429
154855
189893
889251
25573
683175
490311
227765
904795
975486
638968
729293
562359
83489
20791
87673
435912
341191
362450
34529
638216
922707
751550
597267
57290
379720
449953
805189
494265
61828
570632
137329
653403
362850
307181
44037
24367
662529
509257
570336
436646
736691
885679
398271
209438
803462
409078
154041
345031
388263
709263
850771
271235
271696
18023
778042
221935
245884
524650
619215
105474
786490
773925
904786
196167
465911
774470
261925
64049
486225
368679
824611
345285
18437
970802
283814
739659
229039
611096
403495
570697
41369
687617
693363
58881
360034
720600
610035
206907
621080
221868
485028
943627
798266
516459
546055
342608
539746
382655
795408
876552
866594
384903
477228
407945
251189
258364
478619
437308
636643
873582
768138
349954
544245
3992
786621
604354
167773
601045
619403
785603
878991
221731
575755
867590
756624
42875
94984
810481
645729
872998
635058
869180
4891
492114
854805
197271
939944
20630
898721
294019
871687
71164
986174
594654
961775
598700
865908
117604
387480
870118
766739
637637
838964
579981
975790
966681
263982
845939
573335
439576
775301
769886
964584
81797
815289
730007
187962
862005
345577
273228
359741
646308
609570
392446
838917
208369
95018
264863
675205
373005
689577
698930
794209
185600
947960
915399
316603
882481
244453
474763
989116
712938
24593
921280
228675
428923
433837
178855
404690
967644
322313
222037
670911
833247
62165
956699
999941
15166
214244
118951
229359
242082
6475
429295
24123
928353
898962
360031
809819
223373
928070
884367
124568
458589
519008
387231
679889
553529
6165
522926
312250
248415
925605
630422
280257
702647
663498
183537
106288
513335
470652
570873
775451
116828
378945
728222
608010
672170
79275
709271
41778
587910
705196
605593
55642
656728
939335
990575
652891
171413
513589
455402
94469
3362
633770
793271
748581
119823
849218
599888
407234
762209
254344
281504
264284
579163
77920
938579
612764
406044
791343
536666
615991
252533
347655
703076
263050
535151
38716
939066
874306
344089
604668
46680
159210
40268
996735
632051
921706
798249
494392
991291
43664
775307
224533
415144
207537
836253
457125
935750
198711
408128
157767
810030
282048
580203
962799
50435
890861
860621
680578
24111
93745
661549
938099
62946
829147
607869
735471
471878
164851
902988
949378
110938
154239
560572
539655
887418
297178
26908
124352
298585
771273
23666
949967
541196
896257
883126
230414
279377
608031
794755
864277
978319
731051
932839
284997
200852
230813
216978
34015
302127
609477
731353
934468
586468
980073
587666
744051
496187
320852
925049
499930
801576
354683
543546
722420
379812
715930
372151
277606
261821
621252
133910
167366
388275
379698
540743
153196
507750
249151
524952
339887
321320
450994
303191
91983
998049
994481
169876
14701
460305
60511
277618
959500
478794
506136
461500
391361
716339
335158
227404
729535
59100
119318
667559
863567
752057
359442
469064
779325
489210
365660
361615
123238
311702
568366
323450
328758
545844
336441
609688
4653
421900
466541
930088
249419
859001
446842
916794
913938
289107
141931
161071
683337
531537
191828
670688
49969
809292
246296
153363
143771
306095
286457
489613
131460
67504
430651
328607
150808
451088
520169
36234
377017
903179
248093
827968
842044
997633
110494
531170
336183
299137
651325
154518
708626
176889
512668
518833
519173
929800
48303
459046
150578
562599
502146
419003
736789
615418
598333
621591
773382
994133
641967
894319
23133
769277
483902
159352
148688
914294
365499
967402
185385
658819
969530
708994
824965
582690
636577
144193
808737
858742
8086
341153
463380
39852
599163
206496
200940
255416
976564
866957
814579
103166
600371
240116
777306
684166
929482
43439
437993
891464
705700
415932
435068
692822
944110
792689
653878
286513
177757
565342
310934
285544
533987
689485
885915
100387
409673
739002
199823
91746
789451
460661
663124
968305
622932
231117
980496
347358
23560
225336
818018
776062
783427
589493
768353
990287
443301
85707
934711
906314
219916
407188
890558
474556
315274
683150
181689
978126
369411
227228
341696
23765
216958
323756
574603
312388
310259
278820
111835
403802
637409
666057
367764
339582
664147
99441
495942
77602
634757
303075
419287
756328
565645
921480
220471
24932
935119
36013
864312
938948
753735
707950
274901
979218
351972
342828
639905
848029
593799
67439
396879
756084
130405
54914
23743
313112
825365
949648
663556
25423
702383
245361
546322
434562
174671
249285
629813
731871
975501
39306
169869
609624
80281
226820
300186
780715
311860
131510
648038
980345
554364
437518
807446
882806
110779
337352
280541
290595
341118
329999
339522
419458
395576
739208
685083
770404
196694
109105
43709
500220
465281
459832
122539
2335
626727
912994
924866
425516
758773
522354
389764
128014
999700
774411
357859
264368
892789
742423
109405
579363
21873
855290
949620
989645
628034
406826
745636
825584
442690
454646
66550
362482
179348
565230
155007
511725
676461
265241
459818
841714
306078
130504
812349
932736
593388
16910
917970
448437
933900
885239
763653
45885
531835
468537
77374
956955
456297
289761
62172
104343
456617
198885
655321
91550
924997
402140
996817
521660
774366
320669
629822
315290
130529
892206
85593
977220
593125
602576
854625
722699
609727
470158
953947
666876
691409
62445
960924
146512
779640
362129
942270
813855
246600
828092
833817
578744
690199
950278
417244
616914
989311
748395
251808
479464
864957
585783
458725
844371
328505
522666
640987
928380
156390
997135
253614
462365
693384
651955
503902
568257
474962
296590
156746
550480
691757
724434
206974
239441
158238
429692
71944
263622
196671
911600
467613
907981
993714
57461
417286
186378
856024
974221
763403
940648
880641
823313
732009
577378
618992
124332
717580
270490
196980
294968
32906
861569
444659
666469
994093
203530
58650
928060
906037
512690
611503
886540
457734
829420
167171
828282
785969
91841
88613
996109
431902
686331
691171
439527
532891
960743
87714
70217
984781
95013
353914
190795
16685
981919
367129
604887
671711
881653
472748
498349
909836
635294
254478
968962
577333
487762
755013
325751
608962
88875
300941
96306
354328
728138
512943
211175
912703
198160
365184
790337
445253
438371
65519
755743
574497
486743
405070
48432
160346
606831
21520
682671
250892
192106
722642
154740
716084
648265
383678
369590
270808
753816
352389
978736
314653
833947
82013
805498
775514
519968
293598
638809
524234
959908
689117
667366
258437
616934
711712
616012
272693
781520
643956
86502
348462
879482
207436
526157
995146
126271
320836
753694
600269
365315
878668
660724
536900
841625
174798
959102
84628
228426
157779
735813
425962
169114
716890
365093
121647
788951
943041
867414
766065
697280
554487
46273
310436
830677
335459
896780
645408
479364
120813
288609
925670
937945
824894
974613
447255
107209
721669
724097
875425
479216
431636
418411
272623
483602
144500
87071
799018
105397
65798
688060
819337
537659
945706
88768
868335
777601
334329
993013
266255
460625
621988
342049
406747
221608
739341
121710
153429
931148
574463
470170
613392
517917
954331
421170
441071
582060
602695
365161
193774
979075
644770
734987
737624
162117
241350
513637
632435
444228
48223
620441
967548
279323
487184
896532
151892
520027
51
338212
321334
175210
709661
791248
464909
654453
143296
177147
438680
920620
19036
582161
641035
7435
476074
569285
694489
592026
201366
81611
31196
731050
215437
25642
586195
612456
102696
392499
781626
381256
625095
846590
34522
362437
765027
594147
293406
310285
380371
633457
328125
828052
165713
426672
778394
517830
645947
776894
10156
922863
614715
927164
896179
260477
755064
525968
768906
531048
437114
456257
403546
816573
452580
398220
262711
141426
329169
142152
964760
746797
615405
760023
814225
160135
584347
532933
740276
231872
751449
511436
34188
99219
154631
272140
834438
353246
387962
621604
689495
80637
974059
231602
698200
497367
884772
355347
909540
566987
585432
994685
720859
434084
851273
808559
311594
368687
66480
903148
949704
630782
68903
832632
701508
225796
725559
267735
159467
775238
658974
574256
198914
709571
770636
319914
238219
23153
218393
462625
18761
947413
338445
391565
30454
524922
206093
988139
320921
611802
538855
167467
185603
748817
376961
313834
972537
121169
320401
916362
854089
815174
705069
753857
53704
226558
343874
374737
626587
676628
995219
383068
397149
861146
284086
853832
667790
577279
264856
377293
52583
19891
296583
326962
816543
804774
641731
968078
248075
154913
701340
774431
237256
272194
416381
712223
313904
930160
227047
747840
568970
371078
423838
23547
93425
590172
734445
300851
527415
332957
451274
301541
800685
714308
765103
48877
865884
610712
234350
694772
452012
665557
404760
958141
673926
481756
326189
528934
591561
645493
202219
666652
563157
734071
34225
180416
727642
839889
141999
858546
534627
237504
802400
139930
720688
359482
495419
234089
712543
591927
502256
155471
223503
890077
690088
736456
981212
568497
416800
175206
914170
942303
199780
775344
511148
938320
87666
314155
357615
215975
955332
81368
641394
904539
859440
804852
134468
473945
213318
243024
380923
461020
178949
31036
547143
332792
951565
160995
848189
362227
555116
801219
475291
652582
384211
769673
847631
525070
189258
655774
319451
413139
592219
826581
314345
320486
942613
870524
763555
410347
98626
313510
423012
148737
965043
930661
416270
264445
974776
676589
880921
166083
209433
488154
236042
676985
807903
572065
908876
377960
888946
160463
262755
596577
555226
994547
56891
639729
527550
350174
616296
209387
678770
226275
171177
866663
231007
757636
157926
157699
946740
682948
206342
155416
880685
505717
701363
730376
884054
262768
308733
435576
927447
297893
217935
651614
308973
55979
980376
319451
396229
901085
168371
190521
705718
423454
445040
836017
878630
820976
170244
364800
568284
809927
281995
35406
150444
866927
931879
156877
347238
115580
538355
685126
377312
931503
20327
169749
813477
948649
363144
338304
610742
717569
779775
256189
343907
426173
894533
771552
233941
409325
934700
462117
956072
109748
154127
736270
40106
195130
9879
573527
670072
652399
559367
676365
108646
261796
973989
835244
935588
813978
374973
850501
100452
203944
522724
388919
5382
828640
67047
154824
95156
670428
443742
752678
330626
152249
941537
51040
949756
368417
386230
27444
374591
833071
123544
75539
971013
92881
855239
573718
915474
483361
21188
433538
285560
95536
773184
827452
46819
857319
340928
352227
992600
181554
859260
339656
263671
702278
728570
847376
368074
583271
406622
129067
531040
647996
77860
498849
297363
908307
437001
834775
351703
586721
282572
588714
910448
465465
775021
186911
434055
447558
24741
816200
448223
524650
971322
241602
355823
92951
772929
358876
46856
841504
652214
167047
494236
597230
679195
936430
787116
649224
675672
19084
937903
424510
210625
120507
496433
480157
398412
369402
81271
201941
213463
708572
534928
752892
728269
562788
481023
11597
474925
336295
290223
330241
741433
882669
488477
836630
249732
333690
158668
342857
456846
281038
874675
680724
685354
375491
284299
241988
833655
768345
45335
993102
136944
480285
677240
91301
49797
365963
986909
902580
394772
393075
486045
940769
218848
187736
878890
739088
11455
724580
255399
890787
723226
691425
982935
276932
9043
421291
835969
891374
931491
158658
902646
193582
237730
153989
254116
520813
666813
46651
178776
23325
709227
116612
488211
335055
24746
245579
909226
809123
205545
28626
318798
962489
545786
939391
21101
330056
436539
868124
259263
180094
481863
82654
309743
310624
904461
487709
803966
940378
457201
213965
31165
433614
610371
90187
441653
176522
950504
958618
816968
255158
721042
264770
480900
551431
176714
546286
523947
658119
813376
109024
913431
887726
775224
418021
555193
761902
74793
307290
986077
119003
427878
397338
680055
41665
211531
430495
778568
496481
664601
738042
728424
215462
122883
464727
87130
140976
733319
97978
806829
639610
183341
870751
570163
607936
149919
487396
809220
136772
210380
196421
158508
185921
454677
696450
396460
85255
34719
28752
86960
211334
509574
175393
211213
881612
689466
300686
364182
805298
372481
506184
235173
655935
248834
814211
219332
638211
724575
937402
23419
246742
255793
170718
543526
209510
713879
934741
88457
613828
917026
496842
394717
626529
454272
725752
954211
925390
400976
285813
644144
756073
90850
896691
724630
653538
560068
557724
844188
410376
619687
766977
816185
68935
823756
263456
180927
454792
642423
711205
546437
376728
473707
239283
3544
149270
929048
367889
654781
569420
314086
811257
329492
144078
351894
29700
348244
39399
199888
991735
757662
886543
124536
498640
453573
962942
588276
921953
128284
42059
88739
633758
81010
800433
345309
992009
472709
726505
388195
71070
817978
550299
389374
515377
1840
643287
240532
752458
150533
417679
393285
615602
367965
262754
713718
546635
340692
462294
743446
992535
71322
751625
228452
822821
669088
44778
240193
187186
50287
779595
228714
979469
319422
703416
180798
961183
940305
682811
984379
746965
216675
982831
972401
123117
765223
411173
281766
713552
249055
287105
53958
769523
379691
949642
444732
835101
150269
279720
619194
132254
894944
346719
633958
722072
932948
516226
881320
613103
118424
96001
29765
724043
224305
644273
723304
445795
351453
225608
660172
442882
521381
313947
65477
746000
38064
897113
362123
298683
620839
570500
647003
240496
74352
91136
185630
223677
793349
998653
552635
221750
16730
86792
212291
16315
914204
722688
945990
931743
191187
8036
468810
46885
109538
42288
282020
702259
584580
510730
992885
518865
526010
515877
477008
226525
356180
124586
628316
607105
453272
213765
514447
631843
743817
326965
538315
300670
887283
589303
701738
501918
728364
353597
203858
844200
443044
192097
253905
577351
845791
408903
129041
252467
93092
808279
676359
622696
938010
982207
377457
334108
210195
926629
794614
773264
833644
65481
355966
914519
715815
622791
411409
229703
702403
603086
269216
64036
197260
862536
177648
323500
351510
813534
699536
698107
526152
524190
511936
286751
351027
57162
969253
704082
944699
315996
198432
675011
76956
484089
696959
756639
265851
187054
371138
776283
670800
291622
350876
607971
285442
234369
403349
151380
900540
415511
546438
755798
988296
338681
905453
264429
179841
183401
265182
955969
382974
44397
23548
261182
12641
539645
531319
552064
156363
270712
36350
977278
249182
663235
756636
638723
914990
228124
116628
812846
788928
473989
642119
500334
890737
464531
379970
68909
434647
343141
148461
263540
760840
819616
324137
3304
721113
148206
836050
583451
979894
313559
694274
426984
581993
936253
964619
316915
566538
710957
904698
166247
871947
918870
722957
65252
354422
750223
769897
503313
220668
854447
469812
347019
499341
735061
814568
220499
540843
799155
518894
670412
996420
850419
184096
427155
152715
941997
731502
97678
679384
841950
218493
655702
181409
10121
961047
91644
928525
115479
927815
454823
59052
208105
273736
791437
558276
364546
972065
287399
184203
53886
109122
147280
718355
320666
986936
405687
749180
3415
32765
654685
171713
594503
875433
919766
294163
29508
700252
151639
255818
497824
961381
96831
117180
771067
343089
815218
87762
264220
552381
102382
643904
993950
980598
59216
836904
667899
362248
223291
931550
998478
149531
986654
596418
467084
99557
215976
410981
983438
263977
491600
660300
906628
187492
479874
926383
290493
529408
105064
581646
669954
293817
42385
935950
245271
236849
375101
19478
270576
233329
766044
463592
349414
449553
252720
351346
318520
453741
652042
990904
338647
834203
803608
968908
556880
331499
507781
50726
233185
367489
207806
850694
547877
167729
833361
887679
343770
588191
696664
87267
744985
443077
566143
290847
980447
728599
198225
402143
215819
571665
990094
715564
638658
393372
868882
281601
626719
870675
174448
356968
379146
21573
333150
572644
549674
488681
657148
200146
729027
195279
309346
429174
391359
455313
221069
816736
108630
705908
398031
195838
319412
271361
301163
71192
439608
984196
127289
782041
45393
819193
288178
958217
286166
405881
468200
139062
933856
633816
190003
101363
79310
182400
411081
182564
119859
688179
678925
682007
256837
295872
345784
75772
420197
722043
246694
182714
448201
156526
956017
806558
386290
241820
894757
373711
924976
893882
643992
656476
669802
479482
312050
642723
484630
833111
583720
446200
730915
981357
911333
873644
297915
302129
667280
228715
788023
546770
425665
114873
358710
244837
667454
891004
678201
695814
758830
776238
32856
909464
267248
787174
480945
426347
254321
270790
142455
794041
838389
238090
44435
421873
635412
723789
148377
620319
717742
25607
921644
424833
988568
728710
332124
776259
578358
383296
344755
811449
356193
416998
562405
562679
726593
481228
168451
477261
241166
752098
966157
5014
495357
768697
541381
191966
350617
949135
275958
810879
900121
569719
958855
641018
635876
219909
470179
777877
543744
833221
225538
806422
78979
588373
586727
640361
940561
787231
37055
982013
568217
198177
710204
118411
684584
532247
483772
292950
335093
534112
491373
145916
39212
817505
453142
181316
861769
18142
742134
931937
591180
782897
817480
445252
568054
810009
772715
821542
452071
980630
303184
163546
990381
133949
918180
992444
330844
149098
286365
852182
612729
592594
898734
825888
145336
683508
671455
374911
984289
560866
613048
899105
943336
931491
154012
852943
963627
861980
71746
14554
761081
226250
700712
962462
776003
911561
172639
328115
841855
559746
494533
973482
831295
802662
293175
896529
867976
25069
328674
983050
867095
252670
249841
171895
267317
580090
144521
325103
44868
762893
200051
51
369