42795
563616
343249
73996
55881
381680
296499
661000
823315
506341
335345
248433
28299
40388
564064
444776
160349
828543
982017
624070
661580
894124
386018
115210
949061
74269
923002
537364
629360
369958
560337
559
134804
921817
82717
546319
557844
733393
766041
752202
567608
689354
567661
465600
268741
629976
131790
406406
610781
630772
594800
747376
767575
248767
928813
147706
145205
521608
3079
526728
162316
371887
280143
431160
877381
904961
557543
189054
853898
596542
370210
711849
370298
503168
31886
839698
132938
10695
378896
857498
109699
473176
27063
276701
726273
601510
910923
965979
793446
980906
628442
412544
104389
157226
43271
663985
170030
488691
972233
746566

237983
458058
855348
438198
285945
280788
790339
434345
192197
418605
581857
337369
932491
457944
22655
897908
853421
312569
728079
201693
629298
78132
326644
751781
276671
966641
964738
26111
262552
803175
368393
975115
311571
244024
982800
713861
38994
553545
97021
224015
18231
114475
215394
908441
620725
714441
96207
780612
832517
459612
613124
211156
895382
886472
930147
65745
337134
765515
477302
929365
867656
665429
157325
212132
718863
756253
497210
527630
863064
353554
358482
165372
634261
502855
569545
43034
977040
742113
365377
153844
450224
438145
516577
150287
854537
23784
976869
273691
712580
464892
976801
447807
687459
847691
180543
329428
947504
904249
53991
40770