42290
826904
288049
293608
773874
888533
613037
235613
167484
955348
857905
664303
837053
723550
370305
762532
865529
593777
305766
123755
300754
607017
716246
879660
586126
486203
857789
801574
609832
900752
224903
377784
890564
570810
307883
507577
495239
854502
889113
377463
986100
351982
856784
92249
606982
940922
587996
470930
415093
395781
456016
138134
101832
102925
131176
74036
926866
402205
679781
105195
500101
653403
734223
895541
357552
51530
548668
713844
403379
710770
784767
203216
113457
296114
38358
29567
112579
665537
995013
549845
977736
968853
310810
3251
410974
54257
379359
459042
781303
959586
509535
69899
684361
96491
852848
338567
638641
645591
855714
189022
402662
323977
790065
262854
46400
381576
85751
867836
17419
434528
475859
607930
197786
734339
871506
146335
855198
314637
455148
844927
808953
235361
991387
484840
658668
48442
874739
137628
387747
761108
626749
443803
209570
442346
247481
112661
10291
364449
662494
765330
125358
763836
669599
777365
100964
465883
684128
818327
700062
389263
791961
785349
811113
330162
796725
890310
992897
447467
797756
352986
745420
474199
886275
845080
596349
871862
993471
104618
984391
398240
151746
649974
333395
477518
528267
13322
868702
336289
760511
726105
662745
525012
230884
610607
416838
432057
232266
447235
483448
170068
476212
196193
988025
104477
200063
988397
411741
897883
380551
446826
779077
157090
518333
418469
615276
632757
760817
857681
963538
819224
402065
667520
386740
444743
425897
788666
955921
700384
628178
880438
195028
199379
964481
639096
506848
383773
26597
904005
363328
774786
114911
843255
249392
482936
204135
645214
241503
544704
919546
275890
549893
185661
806467
575605
145565
746828
448674
245186
441808
35490
120150
322084
743350
571220
703858
875416
396000
464126
21473
464861
570198
761040
959391
184004
957942
111318
566974
716108
876011
788285
869346
420782
365399
182912
513290
397961
127960
848900
92628
558599
68139
137368
531173
161002
666795
965895
673928
907357
415464
475034
942003
36364
166389
707867
719272
143844
137837
655674
160011
137932
214785
420651
651498
307272
159323
686166
650731
298584
240993
811864
983937
779832
342835
372665
248254
45416
201058
454954
469462
796602
903498
848855
993986
229787
394288
551893
168765
501860
786337
392542
53687
908790
56930
289889
485026
157976
924981
414030
207016
391196
194577
780886
19528
78607
289069
518995
347134
679513
955098
509879
214560
935972
641169
885589
738612
799723
874902
376717
729681
282054
749381
847705
863270
472721
874770
619202
527566
377807
673117
570943
828670
397369
758500
335638
419723
730333
703493
111659
461429
898269
372768
721755
572312
610597
925044
476617
878954
858237
207825
606418
898384
883954
752317
958110
251339
143868
836494
634024
39888
838585
868753
614526
132682
438189
287333
825812
728694
314175
908644
617110
727942
692552
566424
41694
614089
611341
395764
472791
593454
314531
284048
828976
304988
862263
922583
269016
305773
100205
922325
557851
299748
666642
165966
593491
453327
699575
357261
661973
755062
824433
688382
88282
28753
699025
271324
922311
83796
171091
484200
47420
710335
602555
828909
673397
330644
961903
600965
842670
742175
176737
739898
97220
70880
99824
54149
229734
260136
967079
180732
151143
865564
315953
386186
686480
601881
132084
943747
86185
797752
48156
384089
116101
798304
205389
169668
846413
257857
900306
935176
401942
918820
110176
169000
52893
71966
453707
849687
612662
21990
165259
305068
245857
161391
557840
493352
515435
565962
713148
171514
18579
942201
957768
930707
426905
572204
581482
533661
692457
536130
36843
117040
220433
989371
666164
183591
154736
289474
934891
197298
329552
714944
135805
523800
546707
302803
599211
683045
387251
362430
955821
167401
518252
761463
419539
76712
190227
757194
89407
259360
875896
479520
356764
545990
482381
207245
160038
112776
168078
755009
50567
432878
77912
147057
812646
150173
255221
693415
586729
280337
581265
578960
414520
104081
268103
216683
510361
493769
420204
365509
997998
306346
166674
619572
275216
255213
220031
695285
913839
552681
525185
329927
690332
887507
656407
216050
1208
526983
19390
382062
466115
989619
764673
655861
39441
438727
550961
353388
34969
780910
272868
839122
54860
818848
792737
114766
489938
715269
915075
662
993611
712024
479023
261016
290499
397933
58214
317941
21943
998952
171415
208699
612933
279645
315328
418533
208540
51619
864431
673925
243956
804245
303792
79238
932035
853140
118815
522373
760212
267037
501589
482362
387415
386989
247838
732499
988878
42943
233737
941739
117777
858751
403698
932515
782476
288011
359222
42628
951406
754539
640880
363925
907071
89719
316564
294876
582505
407779
798880
491349
449523
388084
802911
169202
467227
666872
751820
903916
893763
34435
83368
447547
173290
762448
798791
941314
788990
369238
500695
563720
259806
743616
238598
744715
72274
354765
473196
463339
114876
145970
484309
424261
463469
817684
571913
232979
21542
814949
120
459161
528234
354656
322940
103171
76584
817538
407705
608913
468653
386458
768398
50115
505843
926412
875133
783015
782557
758039
649649
398982
759050
93866
328410
118902
533093
920708
397656
607149
233381
66006
564620
617546
894228
442788
640638
178667
357007
810612
490897
707021
328604
86211
804798
262569
201189
351629
474845
242043
523135
480655
817124
965791
459250
375254
663716
442996
616531
919664
91815
577323
400218
140140
401905
429128
679334
40816
51063
786456
363730
288886
652798
204944
626416
875212
616478
920610
188563
934983
151225
207502
130787
641023
43909
467255
392033
378780
336206
988350
887445
430299
912546
677240
190884
154285
408003
595586
985461
817585
377242
629604
743388
236058
456910
659374
930254
330402
588450
996251
218832
879602
753412
121312
173780
752460
917521
944660
658190
19668
496603
822830
657752
699389
327006
399328
739348
681910
655754
377296
812790
471050
546994
690795
971420
287056
479667
653300
170533
548533
696895
479058
792996
906036
587389
815597
13098
495109
650921
127312
304751
334162
346182
897185
136158
628578
218049
611994
202417
321604
69405
177311
432894
210273
389576
341688
812453
552951
562539
949888
554792
23719
327654
898319
304115
168608
868328
948182
511488
876060
385728
989621
606531
198532
543766
652243
928376
995541
758541
589362
737932
108331
469864
920199
740104
771307
129343
585374
688619
193233
459191
346134
707193
240127
54531
517781
406586
17497
739475
688467
891037
173560
795522
921414
316659
810092
671171
781240
806639
481967
378681
462619
225975
427103
563459
99436
488458
572836
908981
820251
557640
826550
225829
552283
522203
16043
841599
571887
151587
279604
125239
507394
457344
169465
523412
608222
857068
580409
773788
297295
137919
536372
41029
73625
18516
642460
871626
605199
986008
40909
312465
155554
369681
397023
837506
274109
799813
494121
465198
403254
339446
636625
539214
20210
925037
763305
927074
622103
116206
613096
540084
782309
45793
224300
903787
907144
214913
583778
406357
167034
444765
570575
341213
775016
372217
83878
534287
416965
892869
710457
102064
512101
336539
260522
536432
248473
871678
540235
513825
193007
521290
551774
474556
767307
265777
769681
467851
888218
834826
676572
457497
726911
538594
305652
4743
966825
9483
735567
75574
343586
603406
833480
859970
649932
800319
79446
274283
46798
604529
814425
421024
266951
612966
739970
711290
899821
851809
532178
106192
898593
653064
582051
335570
529584
12234
82550
991291
59269
239303
407592
347823
805874
322050
8718
873499
639970
665691
310843
550269
746342
757188
651912
518047
142090
378476
82986
484464
261876
933709
351132
91967
34033
361045
832945
311957
626217
557473
779014
23746
336522
698234
138527
366741
455780
258126
63873
543048
742258
705727
11316
155200
607557
633695
444037
265018
400326
597822
105397
772802
796579
494469
925
410677
868290
602201
192047
988149
759084
631286
669591
30387
82994
234540
359965
553026
567580
433939
872438
178795
359221
467641
218602
287297
250043
101308
418906
370277
213837
865488
893853
638913
119787
604808
734741
845977
595303
211268
178496
593654
267816
113496
756402
41735
236846
821460
14310
447977
817514
284992
721639
118917
347356
335688
759304
407069
21294
329734
76364
249915
654395
608751
601927
518902
267518
924535
349330
146075
478302
863141
176404
107736
802060
211445
337274
90678
335466
213738
354888
403761
422611
70336
109244
7635
250134
415384
731294
628011
102864
708586
718383
462290
150578
241245
439858
584199
159790
829792
878592
951697
368243
10364
639639
289439
157885
694480
895790
824116
459292
596300
948629
816556
235832
457609
350968
242445
276838
516622
346498
623366
559874
934560
573639
178849
90935
749587
403060
385103
271110
319527
892331
842982
709063
295062
680083
661123
429754
294916
123181
226355
440677
532337
254854
883341
902625
721900
406528
667308
375383
563171
9023
740368
787469
20305
693040
920559
798834
127089
872623
516013
864507
469206
670340
982821
574909
551548
252080
928691
456889
565639
760553
760268
822720
641686
17168
171499
948607
532624
99874
380104
815555
54114
592067
232043
896257
939468
175374
79147
226967
267426
890087
473590
842401
139030
385191
189566
934844
206478
134064
597630
612026
812433
654648
213487
833241
293914
208707
518221
548193
953879
456855
275881
314388
838329
104489
777319
118025
466166
372684
135164
19094
569237
995505
899096
6445
396776
569599
703828
868583
1206
286463
219425
690000
864781
837358
607519
321117
597049
538127
632852
858896
403074
289640
193813
859365
218369
578922
745055
732670
143040
941389
698120
999862
286337
157637
527588
190506
185798
271139
627777
709723
858390
215045
232457
165921
935958
967423
572715
742467
362428
797339
134129
8206
262133
48270
292168
394550
291501
746296
700069
859394
212139
170621
344600
231720
527524
9433
431439
191363
695565
296702
339335
312830
546751
794757
196127
763033
934098
255915
428295
769895
839238
993198
899080
442644
323571
876577
499942
801063
274439
432616
568457
420321
231463
176444
554927
659703
229190
639317
516441
606976
460930
739551
65878
91133
975122
816547
159782
301765
551392
807940
25268
931594
90382
739084
254767
771521
251382
74843
997501
869874
225474
664404
583249
623663
309887
606057
994571
875301
365032
698677
558413
994883
256432
53770
498687
494483
873094
173956
745105
519044
869601
722170
182768
26045
432769
82362
244112
510797
253193
88080
120618
587629
371564
536720
99346
925038
840879
668987
692860
983012
934391
404294
411942
584845
431974
505959
151381
689072
390096
828028
679142
668360
433654
868503
783622
217801
301178
797470
245540
295659
831818
798185
52573
963864
664790
200968
215075
380352
390466
614245
272278
913916
104166
699827
167859
746067
887234
443553
517491
533605
586140
910621
170324
489092
459416
290168
38269
869730
596976
88045
130082
137205
845356
247209
476521
37666
273069
820364
271641
973039
42073
20434
810317
387244
96514
94181
296708
9606
459739
694506
384626
242957
216119
815072
727825
420799
263061
102159
584627
587570
903588
756478
827044
343142
901790
950405
150530
712520
242556
979907
847912
74838
304631
472332
514784
29693
334869
682198
239801
761914
34251
789728
817656
346354
268147
66023
911946
835851
112300
894346
626766
952613
747942
471479
7349
3538
438592
162914
149551
137505
77770
255871
37255
381377
968199
560141
810276
743149
513362
831698
257104
935542
438341
59587
367050
238346
634233
89442
895706
368763
690307
355884
274451
952324
282677
900204
143351
402897
580868
249038
962231
215790
865188
440381
783674
890215
674811
228855
186295
256742
919389
628806
185176
149022
23020
934992
198635
688942
838428
222475
97511
102205
90093
624803
828092
66623
64911
548551
440558
886192
96599
808718
212778
862612
452234
988332
231835
697528
979661
696848
716312
344635
587877
614760
336976
314400
610766
263988
349006
598071
747845
358758
904806
978644
546067
874347
695215
212893
71468
5683
193517
842005
84070
939684
779358
978281
454230
332204
526811
141257
994994
813810
510070
17590
419655
252697
173076
331795
180662
930837
385499
195883
301575
715808
818646
425502
424358
525467
676031
686422
267164
336362
958732
832927
155285
985444
75195
631230
735910
397603
508431
145361
709719
324009
47252
614183
450483
775850
99833
652158
573557
551579
357291
261929
406670
109495
451586
414258
362985
83666
817
857880
882731
914671
46166
204674
459894
110452
793593
941360
987250
556429
695630
967155
470770
927133
996908
830936
85301
840678
648323
976982
426936
490858
401021
651574
147796
164642
755642
265589
591058
310888
78272
5282
693918
980747
475229
232341
126482
176772
522197
941812
714640
414505
908320
547434
860226
357180
808266
307866
187779
597359
853223
454707
742258
963927
957776
224723
710703
795522
808964
628651
499964
29548
93608
958423
652293
26755
987773
548641
375035
540484
653755
470666
790485
722313
76121
448645
857293
822008
54589
430559
553849
300670
105971
611028
859975
992948
75161
178411
986284
350433
443016
966305
323747
474068
718833
776423
12785
359119
119048
53816
37131
514621
697404
766256
183756
867501
445158
698857
769548
860589
263368
764832
629220
247349
880824
213687
61822
949498
602652
849359
32835
128620
663669
640821
523607
722707
261742
159843
884280
990815
524547
978897
674338
171621
279659
402539
916944
242722
105275
668129
111693
978170
721452
80015
301478
908277
234505
935777
698692
142371
526410
785841
222466
390921
618271
209130
69739
218001
762725
708250
170030
527436
483802
143631
751444
614747
872783
923924
290208
694141
684265
69732
510007
787741
411133
982070
589109
33581
119985
754556
648608
111077
253517
977057
323240
968283
149523
941102
515346
989437
466721
819843
658615
176124
611878
517482
611333
517642
867999
165081
758061
579987
201297
308355
675094
457205
336462
15324
273723
821502
339318
139873
498390
555489
811186
655164
254544
335665
558344
504629
612916
316709
525707
707514
881609
640578
355266
879998
989107
424188
708080
750796
970815
891755
389121
416472
677826
131823
51757
275709
819096
966288
418783
143119
4788
175854
419301
632313
160692
578342
298506
710880
922571
774581
371036
664956
412631
111373
504757
548149
254146
700162
458545
409984
693891
722232
541880
679360
33389
981564
887565
451624
109818
491359
117536
169124
650248
803270
217679
861874
302001
834905
390591
446006
672402
881696
484407
430399
828323
15665
626747
244671
628606
143074
449370
276844
825624
968735
375908
295024
477158
379431
61837
844477
768862
848549
385489
260031
972621
480858
157558
305518
758251
996691
797457
266156
186326
651495
287434
604753
258409
199835
878090
736313
461600
496486
19271
654263
614891
383389
472676
437263
321185
537918
859587
491742
525626
996911
225526
33014
896681
354764
904209
41792
984006
339348
87815
158659
777611
5035
166959
643345
673579
564735
833523
702156
777756
661552
228962
487598
372956
359538
4509
55635
627893
283453
377081
212526
810185
356391
359819
201519
501812
748302
567350
291378
523313
7349
888582
227935
535076
9533
777104
487339
401003
774885
14149
109736
584170
26816
806116
384586
443870
754031
538547
292665
62420
186708
310774
75027
368488
914836
387678
658404
332907
66864
282000
199008
466603
493622
494393
181940
668497
651834
49680
841161
56827
716591
976862
363911
413424
845967
775547
894320
12044
880285
37471
291192
245260
910039
493078
455075
640636
965249
386140
872354
973662
807098
117568
31872
537849
173805
438961
49789
840727
398032
680599
542903
841856
137623
413496
39813
797154
920513
783962
897101
624098
855506
416870
611541
234073
26823
532145
633208
374943
730571
18343
413507
450477
798980
287911
379630
466815
394896
948823
59281
150869
140590
275458
806507
712717
702960
509037
207291
528119
865030
451372
80456
626721
910797
510726
725622
66204
9355
145467
637161
834564
648373
620304
249269
810392
531605
916964
875285
734302
651220
650723
313040
98115
135160
600386
585810
714163
864257
751077
603953
739600
977926
20179
463355
509116
578263
280601
783644
430018
156218
984901
308240
838907
141903
752509
485495
136862
258117
322349
863754
552918
891531
911442
660935
632921
854794
99951
416117
62530
795038
167642
839793
432750
940730
67694
744738
231665
697786
125643
695618
430248
586386
371716
779156
286742
644676
733809
896321
271668
62354
746752
75387
204870
217151
335624
717889
310107
212880
877857
108257
538809
827418
382730
145752
961637
585800
506112
86302
330734
132747
510938
395459
520670
477528
459039
851384
329414
354956
933503
313029
913060
132078
556772
188549
955235
826112
602713
206944
825510
625794
712993
801359
775993
513698
825408
780335
552092
311553
830631
938276
709531
93306
751211
670222
734771
708842
898924
648884
685562
257747
449533
124267
43618
182680
463841
450440
476398
808988
772491
231528
213512
971206
78748
603700
546279
887108
9620
720435
122152
662352
112494
861165
668120
980388
412239
191101
40217
434783
812864
453823
652059
771115
985224
854092
385095
981012
644718
198030
245362
505385
515687
109313
792468
669399
547782
303325
734295
13991
230655
950396
51433
17911
898720
397405
370067
716312
92823
958803
998707
143452
285105
973527
851126
921972
300336
529763
623969
38069
187490
600363
503771
310873
583084
787516
555457
832865
326225
376783
336045
233984
196670
808589
649109
927221
16612
131513
908590
120967
750827
954831
940421
713919
371275
655922
935481
871714
437552
855848
266459
137462
738619
990306
225816
626264
553296
634287
708422
246351
626310
766489
69842
679205
503983
217517
903345
463265
554032
478432
95110
230124
692143
582786
749979
208144
442837
148719
241360
885483
526481
983693
152258
82370
741479
776026
196980
401476
541991
236105
193621
600844
225042
966619
234429
479312
558355
223329
657213
911405
788291
91283
677422
928754
882482
725368
276679
751730
128991
173775
948881
651296
149396
568204
442326
704072
510870
411450
728012
420329
181479
587495
731454
713320
929928
205103
760053
706768
830709
840455
387385
367098
66959
635380
813502
767183
675128
837465
572632
447268
258535
914515
971979
875532
12647
536567
172226
52475
750816
163523
553501
998171
500422
446579
511071
621509
272402
106887
857401
14645
715303
602108
621052
748143
902165
284481
79134
556733
420363
147027
374071
541582
329372
546020
824771
68535
267904
749375
486504
55423
370222
945790
913626
410524
614509
963034
206375
38470
813640
984282
859108
645929
514736
776452
570539
195873
64162
503024
511752
812735
917567
722069
251554
927709
183967
820361
219869
720134
918407
138861
431045
144032
609854
219651
912526
489178
250629
397633
472179
622676
69123
107243
843647
874572
985703
89005
88600
408289
171752
54527
328280
674920
357970
481839
554188
415193
585315
300220
452373
310865
600185
382150
445225
784161
59203
467820
800068
942173
859884
558617
848708
909729
156142
387839
979139
708494
658878
64644
457614
364349
196815
528797
976385
905350
691546
324876
899900
275550
893554
705317
109389
994952
706986
814660
696655
398588
930643
70843
49952
696355
212308
54081
837470
775380
713044
985935
399363
61491
131803
233023
226017
739096
677916
136432
271067
789662
455975
353493
340964
809401
919559
239001
245771
631102
896846
658681
434267
319281
690629
225591
394218
880620
424216
421016
475239
479220
298647
467928
187658
166265
538497
281787
679105
669609
602067
206454
249996
6761
653511
976831
324331
609195
791973
682610
435629
659117
711052
434222
682769
600390
136946
37687
949282
952280
282385
75927
28501
651858
363063
487368
512057
391826
6274
706113
860822
354186
362165
658185
780859
511125
226389
217242
778975
448942
275469
884780
59328
350024
924697
579610
238982
667638
885102
589686
203861
312013
840579
852645
488102
429719
45219
193881
841744
517042
618012
25801
266744
2946
971110
643773
565713
115373
71851
804702
199006
943385
443294
692928
157761
61559
53763
523700
283301
697379
916574
465585
127224
364439
569704
250328
680211
932999
740652
702176
858212
478358
674335
872200
217511
994893
451582
540190
774526
870232
501904
963946
412452
843062
381270
967851
841339
870314
227306
151392
735067
873142
378711
418038
611407
805729
927648
778110
295493
860737
824396
614047
244048
286632
474447
105348
397814
876411
881417
933974
577755
33399
98462
144188
916973
829958
981429
134154
232174
226717
189524
115338
229743
410968
449989
523717
321593
703540
770864
770026
780507
621540
619311
925285
253726
890430
941400
123788
809779
439475
987155
845728
316647
881318
995905
414119
673749
997775
54698
352307
431943
907268
853667
523268
792349
26524
290670
554883
455561
926289
774530
278763
355800
304357
622943
263462
810404
339502
473731
933470
611367
249487
284733
854198
713188
403054
515186
178228
372281
37109
369514
705557
414329
838795
349853
808397
719326
834747
470888
631550
609156
579435
153918
105230
655151
89944
705712
6013
512862
253905
761566
672011
774802
736736
53668
289387
143155
130911
739143
181527
423719
543727
4502
435199
324001
238690
429666
399656
9623
302471
354956
45143
404048
541626
414773
764897
962772
365807
240212
75606
197160
905793
920882
706129
296938
649639
290953
997097
530048
489581
435278
828176
313189
636782
605517
719360
744516
645679
547265
885403
270011
320796
775337
658234
414615
118803
565591
673386
208977
199808
772481
315975
568959
616842
962398
878924
522245
787701
621270
744594
575080
569530
715911
861805
642135
191499
51544
634453
847638
360337
629615
577216
311541
712639
629833
155753
62107
615906
266855
442168
144834
163662
677446
404741
726986
151665
496578
591249
566987
177202
901917
374345
516578
536696
346456
145987
442001
373988
942691
664970
735821
965177
294304
113598
64578
346313
698493
915877
701336
807263
328023
636886
840880
740872
459656
314259
595249
549313
683771
503623
227636
810115
639136
634617
50435
333299
706783
618475
539774
63915
95662
846904
150748
283505
436496
796547
572817
861015
679001
123546
204506
595668
288015
110203
981867
187072
800063
14276
151794
237913
244904
489770
877194
70440
76488
814621
896510
568871
179598
351474
740336
257241
581443
502718
745539
65877
511729
834722
472340
541589
655068
89848
37024
56312
582875
262410
325027
743097
798757
999817
96539
127708
96705
375263
513274
881826
336850
927722
101523
72364
172267
151485
433510
960797
609436
602482
778659
798509
580456
732406
421196
731751
475863
184890
188131
3413
7305
501919
294806
263171
182527
293233
202742
810684
82507
978435
468150
511072
184090
158159
108153
908734
730568
593527
569319
694186
352408
775758
586942
567950
73846
283821
618623
820576
834968
943567
726563
542425
403143
84783
760041
806016
422446
816460
989555
272304
838037
754891
727266
181582
874790
293900
202136
21273
429114
501164
98211
100974
782707
971209
332647
14790
177150
400218
909032
617086
561114
323423
794052
518098
970490
275136
689758
853482
647841
944457
300098
418071
914858
545457
895774
814708
273679
539848
422102
735344
677568
189976
656263
215523
342627
996610
480864
686114
845154
194477
727704
957271
291450
753167
583617
395161
923881
708714
683290
393888
5283
885840
648891
739718
251192
815831
146286
442298
574279
365665
952549
39158
417221
670150
134374
743274
701808
805320
271003
269976
318396
161625
956134
231567
23471
673713
614053
64698
612356
827589
929237
899184
555504
604325
861494
266422
89818
296258
137254
54801
200290
596935
707271
395544
608462
364094
66027
820034
625312
360827
313788
884806
249531
626633
849037
159481
842571
486232
362460
903388
477293
283724
161492
94531
37617
721279
103133
140646
471676
268924
676160
546631
999213
315516
535419
129732
468084
652965
365007
260232
153776
523982
372724
122194
477836
399365
360028
30458
50551
179697
189710
118264
665818
390185
671203
218115
922047
987114
840420
495302
215932
879030
218117
992902
874051
625587
597872
327787
133982
3637
842163
420086
74200
604175
913947
36867
410050
89751
704593
312031
539754
586272
367375
366297
764651
373271
758624
500796
114256
553259
910594
905105
618468
997241
182446
135314
314004
144079
698361
709578
532908
636308
699656
347928
772742
151193
982231
875959
774552
705390
775572
437726
849388
65471
119985
197183
445136
301977
915986
983569
488675
887980
643897
265208
259908
147370
959583
145942
155759
972170
226360
250919
626698
62114
452584
327858
962806
667528
917254
908845
505131
892167
66001
658819
992986
341451
172424
244715
318782
940004
742911
405075
223034
158455
87664
228772
703353
581221
390579
702153
332371
430985
63419
22012
582218
253049
368783
229574
232178
172393
629941
741023
813614
308498
807295
931583
274427
930150
435425
193784
945539
998342
845258
196895
175982
704188
147777
447944
16058
270079
623576
707326
85418
533302
619252
174771
786390
807994
970369
911837
940729
320794
430610
308516
324468
199092
901913
289118
508308
677905
952567
996973
86226
663134
506017
619221
151092
602849
40964
435776
883823
24731
292021
236378
961755
510534
352285
667948
62837
274867
383373
420967
257510
860950
92330
432797
854751
323486
983304
181046
909882
55623
490500
977887
191251
782275
103471
392520
44466
407609
556065
626448
997988
969895
237401
209964
727663
805718
212746
428411
667567
967998
98902
901634
851257
403547
332513
582728
916365
122723
604162
555799
881014
831200
419671
879688
82710
539927
504656
84291
908068
496656
862457
980436
547820
265845
418218
792173
748814
743864
362384
503983
139280
27421
15792
978367
884745
78995
937731
480911
729930
1178
671347
893013
586011
66444
269599
819108
192720
873164
985295
181095
686960
635240
662515
60922
822823
519393
161257
487806
625663
305494
142073
9819
167823
920830
32220
74385
280696
410168
462680
545980
271439
334466
532194
475843
864924
817376
563995
510289
453825
468634
669336
800353
164954
926807
932593
199964
258935
501850
672786
363485
334891
23728
600243
844033
969771
636038
771311
286629
955488
678180
817944
763015
382044
361941
989211
558905
867312
857140
235066
930238
433226
898695
998520
921302
290314
76796
784520
442648
902663
219893
235945
914481
843214
285891
570912
298224
413407
776332
310796
211927
710802
496422
698587
40510
972930
443684
895552
615044
857072
282299
99143
819924
632526
202720
349715
53571
69338
350190
537755
992956
60168
660925
875224
584201
280210
516923
938452
267644
717599
687667
921645
248594
262516
482896
73220
254089
47684
376880
897901
667807
113313
789336
272038
213231
582621
759971
724327
468995
17
282667
405092
106257
795790
934389
415052
656398
451557
122672
674122
602152
284842
591383
718198
378806
717854
706653
59652
313180
107758
657897
74318
830476
481421
27378
669980
953079
612122
241710
329835
295932
778311
144162
666040
190178
662929
201101
250784
864281
645270
649621
664802
722856
59831
771369
882535
127256
740636
915694
597430
482555
92044
513957
373714
157907
672117
238850
508323
931688
188561
785956
403095
17925
36829
821070
66842
464311
51354
498035
465113
178206
52406
279908
566060
195370
372811
478148
360946
254773
359210
39713
880561
451832
421781
405181
745768
94825
922537
841630
136183
43032
798821
447729
265048
748811
141335
76232
798729
245691
366439
339875
861098
225228
460453
87999
846631
572450
109315
743393
332679
231112
913477
561319
722551
83557
794600
456937
71520
587178
970976
668422
147336
657781
710323
721992
833608
41263
857160
348316
300543
142544
248257
359409
271075
490135
57960
621806
340061
693735
636595
786343
290413
726667
591208
59022
579747
827344
535271
670152
251521
257185
278165
615016
163769
50236
835077
803739
442978
547088
535778
357958
349936
650684
129094
211782
809016
514742
788198
747773
554957
12748
212521
54029
889581
573991
829505
228449
116185
971993
47114
361452
38072
622205
78356
948100
529347
389891
763595
753178
232909
396663
296371
901478
149908
546566
749324
789179
762552
914413
897746
740374
906948
476876
121648
989616
456867
606411
98098
178216
476077
759825
773452
325137
769980
667179
383461
648427
522977
742802
36800
130571
356714
228474
661598
724819
975296
839129
447565
171324
364703
809375
964151
441887
53615
86126
107753
715364
839376
337575
229114
641850
240474
508980
174994
508970
164424
980211
534071
687495
122478
597432
35117
833271
712814
240826
576909
514997
667118
737952
982495
226634
152917
307993
777967
169792
606685
365548
260062
749413
933087
481918
482503
66628
247524
744397
896923
352945
777643
3251
610874
961070
168772
636237
927005
849251
216214
476015
855540
287447
101419
136802
235690
810168
578829
741461
610468
370669
938999
273298
852570
733048
654956
373817
933725
710409
276220
856220
986518
785222
622746
439182
9127
4784
119198
390854
496162
784349
936937
137714
124965
119650
249697
706496
8548
815119
535794
578282
873646
572517
421416
914964
688175
665650
396426
732104
73133
595723
509139
608386
283768
958934
652069
252876
731069
937105
549540
524928
320825
430225
508769
581522
576113
877976
18210
76779
522889
376885
666412
118933
222047
498656
843174
451725
923458
121540
276181
43904
335869
22372
821225
48727
70124
268800
183739
370951
552082
769672
814495
277630
274462
479852
271731
740063
216458
144782
757725
411495
865241
491791
55219
916195
395868
737669
627680
830096
709893
797969
828758
587340
907413
561766
780315
980601
302997
105528
50604
36938
256780
713988
788445
163281
876207
749535
13363
140252
359381
84871
721772
934093
325291
157136
371079
916577
18546
497575
757669
390321
663364
60515
167158
805012
943797
148226
311964
415235
530493
964663
214110
350099
874439
273897
39036
380664
553678
719219
700412
747577
511169
48739
332205
914155
634631
690205
292080
456487
719588
297477
655631
221823
115578
558548
13269
260851
38025
340624
965129
210777
990596
717104
331946
519543
794056
522291
756903
105222
284482
137244
685606
335964
611598
493994
790840
260781
414057
721614
12061
672882
87891
896991
923562
492582
748430
959248
962964
222543
550484
959202
365518
41170
594753
735981
464058
543083
956374
453114
199575
55061
964806
309083
159182
314641
675263
469606
771019
866107
405145
26741
272719
495863
227045
384800
363117
318577
845070
186237
85733
279641
798616
511575
434629
529321
647761
970953
242993
438673
571316
760305
662596
96680
934260
485657
575977
765833
701059
147000
46999
556770
696835
604454
165016
27052
526144
978397
684053
730375
960536
821148
14197
695233
885806
102242
322331
571486
564150
18841
487105
454690
18226
783844
119043
382622
503508
509724
604822
538735
81011
781595
322114
600945
971117
937253
747414
284533
938173
129190
480229
951427
634704
867340
606481
564538
658576
237183
108055
426364
951305
711262
738159
50767
269540
81090
879331
633575
464387
857314
207380
108810
653702
623253
680507
662833
362486
826232
799793
815437
259289
80179
15686
588799
749544
922646
832081
855527
860458
435965
234745
119454
416910
176726
101162
525327
754833
345984
16164
777715
398238
291881
908703
868958
753346
878109
32532
962580
570618
222381
75121
346803
569219
316849
586765
146492
824053
691215
307190
963573
101417
942566
976626
820531
12429
542262
762359
143451
760618
471310
788155
401427
359125
821512
840041
647389
419820
551607
215551
164187
259808
576211
643392
685958
105222
203687
964717
47328
862901
461658
99721
817582
777471
139929
227536
618908
211618
123882
271710
567061
65547
132480
218867
180774
875678
919864
374684
655459
254889
65056
186899
634594
386920
126386
484193
47735
646157
606646
745434
913121
411272
554299
354999
992474
289413
872371
530902
717849
735836
132380
716843
109554
953859
798955
598542
686713
645566
728199
471178
610597
201495
367814
668185
374987
315895
283346
810242
282506
292788
763550
309629
876292
744251
234649
381335
787288
339568
701039
932044
253101
38340
511479
285484
512874
859998
412864
550154
570828
281925
712691
552799
597723
922374
905518
106126
436182
705344
602024
624298
380896
218795
997435
177326
99514
312884
614792
894946
562390
900059
227972
18482
982813
761738
736509
472828
878642
818830
529443
348093
843718
252428
608776
600326
429008
6058
305311
758556
364403
510003
602235
86722
696331
727418
407853
986315
23029
52608
412272
755539
938456
257582
971682
54232
969191
34499
809211
50715
76756
857076
956202
759073
199055
129273
325019
761983
453038
597323
769707
631980
921489
246293
823898
137618
146466
161323
867043
42288
614740
197667
497746
676528
340627
95038
58916
906402
750370
695443
831836
937446
15999
822079
598166
122227
536189
68728
25329
860460
948951
583203
880295
329698
323278
246921
705598
853150
334497
717592
847763
658202
604628
447019
15678
33602
716365
202750
362671
566346
585814
135537
622625
606949
371011
774201
846078
771362
699096
370150
343358
809418
718773
711469
101765
826597
569959
364379
65176
35283
942994
575035
720037
363578
320197
231765
311702
629627
341570
922117
87189
137753
762641
570874
981308
806155
934919
28695
36535
285697
124434
896254
257992
653102
944519
3108
184450
525432
616960
391398
453152
918722
727910
80817
603584
157431
826438
221436
456210
537603
44857
545226
682058
824543
216932
892014
90227
459952
246998
167491
333526
338931
415539
724301
604093
32105
532752
183976
531055
403131
482852
633163
636190
131988
721505
166957
475019
318800
479748
978382
704209
832480
744107
119379
931660
126648
51679
485887
752966
139567
823286
980987
832543
752400
78066
769261
338605
94566
867400
133907
712496
662155
72717
491548
23210
456234
15239
651708
125309
523294
944234
701810
655631
210125
320518
27800
760683
836343
606321
951055
349523
762619
69891
332406
670605
722898
614183
601645
645202
362969
708780
714519
11486
269921
281719
717752
368537
226222
800661
478601
480554
591387
34048
815668
577090
456119
438420
173508
192404
56515
371930
32309
839469
272222
953888
925348
476927
222964
633776
332804
523202
554867
76386
608589
868785
908419
79351
547423
503918
625251
499109
564202
486711
660982
1515
735523
666208
53198
609445
126110
642823
709872
341364
511797
102906
18403
624303
779233
957854
713930
79386
907815
425414
551539
961669
63636
485052
347074
921938
205899
68700
771955
645228
825602
866896
33767
949349
264843
165172
761660
732000
547375
442372
528145
78671
524449
585463
689320
983441
545015
281269
268080
489062
280560
93360
468447
88859
411192
122732
619199
838931
19328
937650
595075
106343
771820
824716
511930
870612
140165
996234
22463
658975
332664
195625
210879
844875
75351
158931
577300
543240
741205
393610
2868
691782
442569
107385
758229
178201
439126
198906
233419
874922
274333
687748
618384
277326
583491
612424
452968
30928
677223
33306
719633
760666
751496
380156
532564
622251
493276
300635
825628
980416
198552
499891
69447
994264
706694
428361
197271
484605
922827
185206
619601
121408
449571
581062
307947
161319
798608
91047
64009
537970
977125
557948
680210
405817
313418
314111
937641
604316
501442
891831
110920

479032
371995
332208
25190
627932
680376
26491
812769
531892
103068
942792
642385
398270
413504
456421
628327
389364
970804
74993
504679
380743
25757
685801
384273
480474
3579
995123
401200
398849
604344
22192
550226
718077
62030
552272
743576
389895
771868
918883
492005
781515
663446
77234
443719
952369
164960
421252
256530
620668
38580
857458
476559
353652
778775
188961
836900
73875
736275
581081
199065
322334
4787
225851
720946
951542
491351
497421
71105
182043
408441
135584
462257
257075
183831
253538
519392
608811
954374
588542
448052
97372
905741
398435
800653
39248
340563
323515
435304
530644
388541
113553
610044
426506
456817
863563
59933
7502
735865
737906
193587
239943
633720
180567
19525
90525
864365
799075
697584
982201
288006
997099
720857
865619
814945
666449
697273
234900
237118
34791
992458
710092
797746
143964
353544
822554
733622
264202
802646
180044
806534
321199
560606
658823
420746
235651
365569
197808
696308
381802
592556
405511
319559
135780
126614
548683
469864
417333
326878
491396
332240
77274
453539
686185
240041
594608
119188
721645
202587
102859
268902
998246
287865
196158
638382
384282
37059
671578
118552
133944
302841
913574
947237
349265
522820
169970
951275
583702
962621
664002
598312
491711
270546
858055
665275
231801
381483
188034
917891
901801
301655
259520
942771
87838
426154
818452
338875
504543
427425
729999
171296
336768
941800
360002
273926
848824
910628
859367
513674
399962
447436
838854
427019
372772
21239
860889
821614
294889
940409
723940
709190
798648
367286
786228
25990
877203
177537
239062
563347
545597
902102
254906
823327
788234
546017
644040
505042
447944
569455
878022
204552
643041
646998
254182
299252
91709
426018
158011
305165
945385
962133
628558
314565
452362
163089
966176
580930
290037
329759
208179
234187
986117
327961
113154
983334
71676
734106
603812
368439
144983
296109
871488
966866
839993
350712
289917
977199
194418
707142
768403
562810
8883
531608
757362
211459
75402
487490
187263
930654
821710
91458
610777
162040
547032
150573
665451
354091
675683
917589
450234
591380
687685
433175
967911
358282
541875
973225
57946
440922
915669
531026
544000
122549
598029
859751
616517
766000
194844
579897
506990
247067
986141
642648
22389
458744
112672
16002
48058
797419
931773
802206
88282
303809
596727
489923
980499
788075
148079
637648
696337
464083
267359
728342
799558
389278
582237
487586
539384
809805
72170
388875
90697
315199
38940
961109
356563
954895
663260
493680
421611
73150
871714
503950
967604
146569
435828
889800
712359
132632
301503
523103
299664
305329
377393
899593
874542
921369
870196
947409
246691
617957
369872
237955
689813
132995
914473
360559
576450
164652
271793
456348
392649
215167
540890
76094
4259
513512
523479
424078
338364
555052
470325
389728
638831
331011
519807
697202
113501
653722
194898
467327
249077
953235
150504
515356
836263
576765
862552
239954
434256
264895
528889
5514
500078
311986
66896
505940
540692
394374
858407
187017
265646
1259
135177
864089
465889
591148
801707
379511
706623
161856
857812
796179
231681
815538
268078
864599
696084
302124
268482
757561
250240
466135
393887
619234
895148
103640
359709
583699
603478
23121
725543
676513
211111
6668
629534
225991
280393
611185
105293
229764
261551
326927
724961
994225
99785
854696
746142
767792
706561
830877
713146
643188
278706
474357
383285
547120
195412
401527
369097
940916
173582
674642
968565
783596
460705
458684
203093
676693
385070
291486
477853
252135
9900
440657
39951
767688
728361
597453
591160
860890
486388
684262
33102
758801
991845
318803
986823
556982
257614
866937
835670
354796
21680
367535
910492
284857
477457
397584
832606
99303
505745
357258
173721
900986
421327
543014
436784
860233
794727
856445
765888
472348
119717
875305
141313
358670
695048
793000
11245
746896
510412
13445
466538
976902
655938
2403
999326
186635
748460
199061
529328
367103
81334
284917
443821
686282
415439
804059
257792
225997
62106
37753
500954
269155
895695
565154
149131
895962
609390
194425
49797
692428
638406
832872
100913
138791
863968
915520
838779
986670
81257
780866
925736
932873
402416
435435
298084
267189
648544
860445
636426
492838
75987
436173
844293
107529
583387
852386
602084
971984
587466
132462
635441
865395
34592
761644
358033
886408
180596
547957
8324
470863
290198
391548
872314
501143
215759
664405
557236
371310
250503
6171
325726
530956
823414
946928
412559
855984
346364
818580
71131
858839
951826
764915
663368
960845
154837
17576
484190
664962
354935
978624
33434
372902
270759
532033
433314
833630
407420
483267
180815
406913
313416
927189
442990
15761
341795
27769
890704
122838
626108
426448
104957
834565
709396
100258
114870
539175
549051
126165
975869
4465
252646
771873
201044
51015
627484
21090
583125
890656
121212
272029
348078
757358
262940
459699
81166
541613
932658
357085
105051
54458
796755
709029
783826
355394
746156
40204
287564
566889
955934
362104
209461
669498
863633
352975
503890
276933
861101
902862
16538
399877
587858
274813
529045
913748
800696
59956
478055
709928
476657
749816
758516
401704
870394
64106
273348
957521
192614
729765
549002
398624
846394
779665
374660
42789
993590
961924
793085
818345
369864
205643
519157
269740
73631
444575
932254
354925
420582
281308
531609
159882
592334
670173
757112
814549
887012
988425
889937
71199
872490
909907
914315
366542
532006
363011
731689
884031
704805
944622
288448
918566
31445
166102
527667
594127
970000
638853
256350
615086
96346
841283
221789
453007
649454
694525
246472
815210
98248
134912
198923
986930
866676
465640
921859
667776
205223
446281
368709
452226
99695
149897
509861
453426
839823
109389
882827
295338
184490
198370
680972
626067
407868
246864
339644
664336
729035
69151
767138
993778
412748
676269
700470
48242
60532
38584
967167
355375
143431
270345
770124
995939
375575
495747
142410
371412
330374
958493
229050
493994
692862
231661
186822
494591
769319
782767
596206
467008
122086
260300
200651
166753
605208
714298
64676
856492
26662
708308
610150
691024
292188
913478
328530
72800
141298
340031
541748
243749
336654
524919
325589
411658
298525
119651
237143
960624
72723
541697
413467
63507
176641
570208
139206
368761
395884
580601
169683
522552
387063
20589
33911
833630
52384
240093
326185
634535
889063
756413
326134
896476
576953
111035
976218
69927
301761
363387
368446
303751
48070
876918
104311
104204
212005
806248
110341
429107
492506
744296
550996
442500
964599
336751
953559
829782
270736
619316
792492
924834
858760
228060
527975
802702
91782
144298
644841
532189
872635
813390
253845
876058
761189
510813
380150
881879
588895
615301
141729
482529
921250
98064
277025
637797
701775
781449
947223
164132
237524
518466
477918
577215
97129
926383
968972
538869
76148
935463
664221
149666
819010
764498
995261
332291
539080
922827
742477
957530
546891
70608
218709
133874
153751
577215
725198
293786
680645
619603
414467
998951
690735
306967
455962
309230
695524
152469
815762
745912
507990
842082
215456
70261
32447
293987
880052
509143
122836
671798
135060
409299
168222
73340
176374
17732
572704
106755
670535
282671
313482
509551
636155
801138
352887
88205
512586
618563
856180
773533
757968
244648
559298
212780
292793
858318
519253
689173
922170
841468
377629
715319
831090
449704
784109
761914
958496
288421
790411
850964
635357
83690
767549
28704
24526
927462
600156
263097
675925
645909
940541
292438
451372
185529
194692
256602
479312
156318
846324
852200
390509
275305
831373
876647
21766
59457
502227
432982
241247
661707
310202
41530
262963
379675
823825
803275
321603
776987
922163
716538
293511
494693
717825
248203
402838
612906
133152
63591
78373
949568
78911
446226
98475
412997
330522
754775
897698
507844
651586
744577
744240
559597
745757
225423
774726
70045
543837
627932
800550
786886
580222
473619
974765
533294
302103
842916
380885
403356
474895
363046
496324
988238
551012
16971
391246
338429
590793
714519
208083
248600
561343
695309
202640
401662
691083
432852
483185
601280
778171
459040
40582
52824
252462
700588
679016
93056
860385
724368
893317
399048
274335
937029
343191
570081
877373
179663
126168
495792
356642
394219
631509
180485
622799
712760
496137
93258
52181
40625
153649
521035
560322
701573
275604
159827
23603
672580
528025
585243
553231
404364
409146
831353
901429
491264
812667
600871
540445
670532
540900
638663
510783
363867
797204
630732
405002
384480
101058
8272
717080
391051
849511
90689
597044
501725
238527
150404
867188
186812
994343
41967
483999
950880
99212
72835
872158
689030
104687
95345
121545
677132
546996
733656
757585
618677
278082
681380
624743
377566
133314
903915
5744
356476
483313
106839
54070
857139
644958
146824
115041
873526
19080
981787
883604
552963
959578
88804
262726
691083
927580
465710
858942
868091
465681
475956
14916
975878
143281
586078
615826
288987
52552
375065
966650
315635
314900
268591
919378
176967
791257
739631
923228
195484
434607
365459
694824
193989
670793
329195
586885
284916
839268
597
679394
393668
791599
178064
227867
557787
750953
365263
209922
810128
746951
574650
611685
355930
561529
545418
695274
884408
979384
888322
981412
162096
303201
274595
406955
650008
282538
642598
324748
91950
553411
947359
651262
410640
15436
177356
442601
31153
539593
169377
735414
906435
525812
605753
574910
336879
625407
499445
847255
629798
180164
941036
194852
139
885684
495916
436625
311542
596618
246504
134910
744984
941811
106881
274155
370763
329638
86479
502630
6931
630208
692244
145484
819905
291045
358055
599141
384817
388069
40463
682140
926687
355211
510054
304445
345380
415948
567153
966563
880942
65438
758588
999218
993667
493529
13384
18486
466456
514450
573689
358045
971272
688712
896725
225406
302814
359549
418356
547391
686531
412963
63720
349994
924521
185523
550065
134068
419915
73278
228138
397396
966707
690039
884447
140463
56320
970018
918884
729969
794228
403166
227563
973283
708616
184843
169329
353327
445902
795885
454970
251843
476838
280305
691950
794505
167544
623144
591624
997830
518933
847401
57189
339443
282287
769313
534441
821659
509310
110499
508741
999635
653478
760221
292803
646284
579236
735564
215762
630523
925753
585899
19883
639966
298134
643571
508953
498163
429439
124115
845871
658211
976195
362206
235
766894
90110
187175
468981
17831
494543
668990
969221
888698
172183
686541
809223
813117
323708
858694
358540
938917
874269
695936
85782
138583
78028
611169
127527
66748
930329
594120
29492
145693
514401
769297
717672
474123
983038
227326
754790
606153
760689
185460
49097
469704
581315
947410
436285
65178
474501
718824
657632
731577
540261
153946
807033
496236
107144
830799
111963
96304
544571
178931
650658
769378
981336
772028
763205
985168
941948
359107
45149
492283
30897
667442
782885
422985
728876
744373
633341
924796
604000
638031
745981
175381
861358
670157
917241
980406
836689
143738
997035
619978
41722
255262
578258
662758
136974
974906
511977
43146
454979
687112
910309
575480
271747
89672
692339
453578
355725
314463
122401
83756
176559
808187
720061
710349
768720
267996
783521
209212
941118
213689
171275
795460
572010
124401
943994
836287
116207
345401
559304
681589
504383
294877
761615
123782
526016
7994
897804
984387
731267
61785
635514
66082
412678
120937
591108
909773
607163
487395
674703
992596
189393
388011
441587
305544
699412
824144
223471
548311
948314
786982
672279
803870
64391
74894
856112
516487
644388
108579
666047
578324
80167
526836
353315
947807
318584
850010
644484
704758
371451
96649
534966
281600
569954
573381
690796
389158
280561
826105
156006
693454
706768
83273
605983
640588
729140
838666
741860
400228
119233
55276
674235
887580
950355
543566
345231
22291
425266
713002
719224
486013
174846
531132
196124
901521
877742
188594
636876
12973
120740
976262
396681
627543
356112
567618
161210
948124
428532
396883
317822
192236
729254
840443
144081
241074
172296
465526
94259
456142
774812
683513
992575
748441
11772
986881
850804
63022
657609
702265
788137
79435
985976
388993
230649
173125
404250
184478
741494
631226
191704
561541
559298
997532
780787
708451
11663
378693
68623
985570
820853
277829
965699
388840
372035
925802
416156
68777
192777
408387
195039
473333
352814
780814
9135
213970
521145
466309
225096
858839
190593
882231
902516
207246
33056
553782
137429
650170
932508
355271
16493
75846
685993
905480
156601
767815
893964
190780
54779
34280
528897
327666
940222
205846
900922
239361
534707
571218
945685
923343
713674
633856
559134
647595
209013
324292
487580
721018
163503
507055
97061
630049
196358
201597
937521
963472
487470
141694
626104
873968
301502
894383
760664
285766
623725
905928
286594
57400
274589
427341
362953
75032
571108
363816
777458
515889
452447
781001
492759
656165
139753
810490
708527
794707
787964
967693
122292
21336
580367
193363
978523
160638
936688
568260
874407
895147
712628
336733
529928
295173
308047
461231
513462
766222
594492
210386
787629
876163
377514
774668
796407
402862
552659
43123
216330
913113
442362
72764
166015
454247
18933
517723
242763
516317
244934
100189
536226
50647
31294
396918
969771
858436
374603
255780
197676
460550
574155
298504
250425
449745
260329
63668
154647
111174
730757
921418
812713
46296
343255
336944
504894
928113
121202
101248
51755
196280
336655
675767
507881
10397
895156
220528
57896
826124
433738
224922
98000
871114
793223
218961
294752
510103
288508
918102
814370
131893
328110
884545
693505
464815
49563
580483
755881
560880
678913
421021
265748
660683
259541
144767
617489
966859
551673
40210
520827
100886
446366
534629
848837
85407
245179
132146
97093
707925
926573
796267
636256
662950
661922
427045
377194
898269
622340
533486
933425
543323
664134
234651
736256
393048
7862
642941
877989
407786
151168
713035
929655
38312
287895
240916
574990
276363
59072
816082
121770
905146
791164
832843
831652
529295
46476
703087
580382
57755
530014
731050
74267
155029
971076
492117
151391
847050
148044
824617
851371
808075
171018
582297
280794
93147
163768
523504
97190
226583
978078
867528
422343
821756
597268
531708
65935
415920
174541
998909
348739
375384
558555
507398
35535
950422
886452
849457
381041
236820
828279
341270
207852
438624
315672
672431
195067
635439
469261
976895
117162
847855
247039
279566
270461
411777
992419
336207
907267
502026
311233
499340
192778
134357
493674
266887
377837
271351
671980
893429
844111
329809
50897
803772
930787
656732
708124
445240
652190
843937
771357
855860
63934
797473
277793
530664
856055
152078
557079
28266
576955
49245
332621
27016
919344
12583
834156
694098
93813
189119
364538
360074
153916
608185
202386
278407
901355
295984
884694
96593
509418
14331
745219
845519
514335
720411
588903
472259
495984
160267
9832
842540
467185
547075
895772
180911
783743
494186
441371
985841
281733
158929
29853
788642
839626
386066
240122
426120
410729
24197
856849
206208
238615
475683
746454
350417
752631
779841
273214
544694
82964
548640
192528
140808
911231
78559
608842
386293
355566
523978
188893
552004
772351
331859
985168
202086
864992
76415
61794
34591
944994
864380
813987
945530
335101
650433
732465
831923
696681
145626
612477
533109
485921
83767
203405
724107
701021
22383
361014
486701
399570
87676
853785
56155
275571
703990
448194
476514
330465
927533
639210
511578
467608
560459
565171
201386
962894
703298
672220
15724
412591
513693
726422
156841
608632
559528
267917
195331
9183
943468
454974
858813
358243
911188
778091
889458
901505
88056
36494
87335
603759
157621
591485
441033
101033
562891
462574
521605
208030
220431
421879
567292
58905
959563
142493
306434
868801
981813
185747
449952
122024
529242
795816
531360
871221
786609
68066
465134
184379
981206
3103
988897
260391
938297
497707
540553
891602
105185
620275
649240
520663
808416
588849
793370
688330
940787
116536
331123
845978
740286
829511
991834
459046
654088
30038
94545
718223
262551
226306
52196
664260
766643
816773
831599
85096
877323
908294
500682
440983
897553
685853
889866
993834
374582
174981
185135
682560
761759
893434
118810
811241
413963
842615
137362
733364
503170
932743
527148
74587
124206
371485
843337
127560
349807
202832
351705
670957
664741
161198
730762
635452
250256
89151
260710
95672
540528
378670
456876
559063
667637
229044
561951
371198
16833
76614
775660
817255
304040
389452
361498
699784
537862
927161
339467
425456
702159
77735
40976
17593
985679
501146
695594
24936
847125
215797
794062
276557
486292
833183
179607
27865
867554
639031
455944
594929
545029
665365
838888
423190
48508
470357
485317
823937
862324
923785
914014
251438
96186
804018
425778
226094
867774
280599
362529
968448
314769
269845
451850
372516
420354
592249
643046
665975
615350
371939
965997
536836
106661
673567
975368
261170
706381
386852
514274
432910
775512
237922
308015
369363
986697
466920
221118
705543
800216
438425
427083
751283
938647
181709
301333
344493
971175
373081
156957
353376
332807
832034
94264
788073
678378
853682
60832
375072
639257
616954
934679
800622
612164
319709
597857
170867
197174
954847
985026
386531
904980
620478
244775
462414
380577
168964
723608
889372
243380
162122
819006
428836
28971
208233
149165
337157
784165
359107
499131
908292
838314
565950
753667
838839
731004
184747
436197
190948
769550
67817
379591
567444
372592
104807
41882
27962
237613
455074
121296
719449
217229
981368
137942
543270
182538
392180
540352
704461
836270
394580
932737
662541
185740
64792
354484
781117
982494
815422
402584
177318
565719
155509
829526
226825
26039
953354
964010
78068
694724
661420
61166
692610
610785
764899
796898
489672
200091
279951
874114
671912
801567
287590
984260
405431
890220
865206
803990
475887
22789
92549
837648
404049
754857
878699
165690
187328
670562
663724
22237
644456
189973
762586
455388
450948
200718
845481
139268
570303
755012
180177
53092
698699
925919
821480
330189
236939
173720
802825
356494
226808
439626
737899
481925
989607
972520
545262
915020
304441
832378
124032
889021
902559
10555
112886
76907
812210
705506
589740
71202
557861
934739
996461
937378
584962
152785
7151
386989
636775
112119
79621
630558
718454
475203
56609
435369
122187
448308
14149
302372
431949
978712
701288
385492
337089
155720
774247
650354
201308
522326
714644
215901
300832
516314
615467
923184
455077
542337
756564
817531
416968
686756
136118
156805
783655
554935
984930
278117
192543
185355
75889
377826
351718
536874
304057
550852
581678
42749
879219
393143
352668
108819
817242
805075
577607
673138
521379
51115
462058
730931
600019
874647
958170
886142
475746
542018
281193
972949
392325
40228
880983
644994
518102
796764
573094
295225
426900
490195
694641
269178
498343
290092
195731
617521
497427
245767
250359
988458
293618
928959
452695
955390
742260
248513
629630
932131
742325
189805
736146
694620
999777
467172
395190
998208
732728
541662
826587
49773
216078
465916
945743
449082
169660
724169
690084
132717
189027
215003
739083
792996
547630
80953
96386
443795
797161
445538
315367
444906
968957
112423
915996
552816
514538
960821
802475
536402
619808
817024
420581
685758
442985
616661
350621
777752
37377
198306
184441
931992
279883
968679
103879
137547
871335
325624
903469
868221
972883
323314
631723
454497
411850
187199
269131
128185
900622
86493
132603
284031
136408
701253
205429
706213
407652
310238
310145
82543
175202
40031
178863
29591
293417
893639
779691
337956
279704
583895
261330
363345
691259
15921
81376
254386
79689
231511
71608
874858
497144
434
395692
982500
843457
954110
738609
219087
378258
882684
319092
661120
55897
908988
563685
152622
785993
555025
600134
196195
64150
596979
19940
256102
186404
459242
504536
756826
479726
788291
887579
660600
664810
117945
395218
536106
102568
947343
544302
797307
383323
453240
178945
699678
747120
371223
235658
836609
354696
83275
395452
706051
586426
414969
783208
254804
367180
323278
871209
753702
679387
643516
396111
385133
387054
833794
545851
945264
240576
840163
757144
65963
908910
705671
114678
331513
57703
54531
707448
26603
440480
707026
680436
501761
943481
453721
211056
891012
743333
9287
411938
974366
877892
29257
346774
731129
620730
143443
622738
803678
746204
175548
591191
280985
814481
49971
532446
148255
387070
331324
91707
129626
84058
348265
452946
339172
653830
163990
740956
988570
761380
710556
869529
730369
786178
620957
882181
265727
52379
719970
493261
575009
685364
166641
587680
199696
119125
655985
389629
248175
48459
13026
887106
714531
829109
659598
607873
921109
993755
649969
441660
584784
316619
791677
451061
45579
148173
26587
320067
480398
126126
754989
946463
401631
412051
778374
339252
429222
335192
992710
889992
843308
991228
71587
684297
534240
578461
453964
735696
305228
669290
968689
377412
64115
72234
26850
243458
697455
656538
781741
409841
116488
44754
149987
948854
369026
524635
412746
865406
995425
591319
112909
228364
378693
254375
254135
123905
698990
986319
992790
99722
164282
326171
377947
425408
359886
24244
368894
241140
206230
9877
327731
977690
535623
152780
866260
92448
665773
874937
128868
384625
542237
896573
109695
921208
139202
900884
600106
631289
443820
995938
388364
793953
289083
435888
575608
711261
385501
325580
688121
254948
719312
765507
435574
451715
34985
251270
239272
840173
866096
752359
185761
829489
58788
639273
292724
546252
763055
130827
700350
469962
553394
694665
800050
734577
898482
124823
868021
386710
28627
646665
688351
564819
216332
621132
89903
654358
654536
922882
762448
884499
520087
219605
464790
524641
559640
490281
989256
522156
243947
387749
49150
998567
123542
309451
995512
380907
401362
770127
40854
362143
621900
264560
468811
867904
364640
250157
531800
449394
996971
696927
801440
620463
388672
87120
596172
992788
720427
875461
282920
857929
249389
336081
993350
226933
116213
918132
198725
436560
565580
278657
113045
297388
536700
747616
292290
35992
274252
339253
646604
396244
339535
197903
529391
839429
776547
897681
50865
692757
509270
436817
302062
434328
839732
891052
344277
363769
732929
339334
792591
411574
670412
447292
687555
318906
830859
473078
793051
910673
414840
497420
841243
202606
787671
421603
669555
394701
147583
987255
763800
996422
503526
991946
917822
452561
67978
74619
50510
394140
337075
181607
207807
77745
243559
119705
879715
747038
977753
398625
505072
9093
147135
547094
355737
438449
617859
36784
266478
700704
914725
928187
552154
401726
267002
340808
948322
715494
17719
723391
90566
325458
567056
796086
652043
266524
134788
527118
574606
114932
248312
500444
691886
15588
742145
156641
552310
776255
146490
529255
198950
809134
603929
332970
266971
701494
839177
35180
93651
745099
272556
940268
557681
937151
861852
82749
228512
473655
343394
490017
522696
42268
599934
708399
943054
115816
997782
284025
136321
453687
81741
492892
827572
170224
87074
498828
690157
392873
138708
683351
130293
252590
44244
968342
989509
345450
408640
582257
855094
85233
480227
96416
109468
541289
207158
477871
310179
367602
449959
42734
241092
878214
234988
84681
315671
774859
163966
486749
229702
44984
94860
803722
558485
171775
142021
662705
331188
341476
669290
542817
249376
306984
737588
307237
304614
314346
793887
684242
973694
998219
919298
424856
932281
556493
707666
829952
929164
74138
98205
665165
750449
290975
895580
660960
298220
315715
853213
355378
733628
436828
30013
935686
502617
668529
909331
513186
606514
260666
970615
366697
834970
816149
775043
341329
549170
390234
606265
626246
295840
140206
746673
20638
768456
309885
838587
564853
801470
765976
251552
901954
214462
726251
685077
111932
237557
155857
834530
414066
108258
409253
161434
582485
531413
477334
976791
905836
383222
763631
306584
966903
277933
517331
339042
727583
191675
343414
565092
585168
669908
716791
312017
847866
427860
312820
82396
29208
525036
662787
952249
325168
259784
764622
228621
348348
671648
523752
684243
379638
539585
510489
251560
48828
23182
166085
814534
203758
148306
816861
400641
744236
926409
754796
288192
153377
24462
968300
312720
768581
396292
239661
611117
902372
20747
436417
403952
126322
515834
510461
654292
172726
380728
44681
552278
91991
846194
897541
587935
261553
617228
942931
966941
685661
924457
732684
507559
655336
364097
380550
525585
854142
149127
493336
275840
348611
893776
106920
223879
122983
597699
127541
283422
231860
944441
485048
386766
407230
871240
303982
87420
304802
336176
483295
791577
832595
971777
882277
421589
527261
170500
322886
407924
292022
95235
999814
82219
238573
883115
531668
274201
131170
939792
146381
702848
787877
894503
176795
863909
859672
455665
204262
972917
17914
462419
897822
5394
931597
6880
920866
504702
243361
840424
466372
451271
345636
764040
325655
978014
995649
204803
377946
688067
915374
693411
214137
610127
966522
232144
606683
664176
529572
608644
739958
906317
347643
557134
419007
631230
644346
704370
6634
158744
707121
407928
956311
786076
654135
90138
871979
336747
427299
232741
392067
710989
916240
267619
192709
879471
614672
785776
825071
155280
628844
958929
853369
661303
442399
117917
201447
722377
737034
202568
319128
65278
912601
401391
678473
573481
169104
316675
387310
655433
530592
614491
556025
589420
111845
169368
996215
944771
870662
172094
254110
759639
120194
669088
609166
486681
194370
732113
610220
399728
253773
355113
883728
449913
205969
30665
680217
465029
10457
238337
806957
964817
488396
156076
617829
400774
807889
783866
977120
232187
489183
928716
683245
146129
265867
886400
503381
386203
706905
204125
670508
520873
950321
636937
732907
636569
683984
773095
595863
642250
52287
658572
396934
931861
732620
75352
755570
704531
561874
83088
340068
681510
711806
758720
622654
847265
288760
985187
536528
143412
706757
727821
673328
305386
585773
868997
821532
286288
515012
817888
502186
639658
878140
837827
842610
65290
977180
637681
512079
171259
543862
405117
54015
293504
433034
752084
81680
158104
349316
152594
246764
486815
638597
306901
355041
668169
76128
359813
880820
403416
221903
909713
225106
759231
600191
354969
560603
16496
255805
413414
279755
964643
239915
913283
228690
467937
104483
139858
696351
430205
2498
190665
744573
406156
916687
21174
864702
660634
41192
204596
958536
273934
456797
476775
290921
476834
148596
708072
4582
530735
41312
593414
295653
38728
410242
924482
978804
306215
40149
222520
421149
68226
623485
952281
938529
173238
813828
956380
430092
650660
498645
23215
192841
798549
801771
565323
804339
927599
66955
172461
746893
926362
600445
146542
717432
887654
908877
790079
519340
84969
726351
65826
288842
341024
285351
38224
481045
906190
901988
88529
410427
664992
118566
578816
617459
672834
463109
778545
882236
939671
278577
465977
153396
550561
251765
297529
86730
528749
963477
288675
906674
435266
100044
273333
337912
333658
841143
443916
851944
509224
921069
522759
499798
65889
805981
97905
959422
828784
85545
220699
274122
841551
233431
978458
299489
557137
914089
431434
96184
883409
739954
735858
741895
792909
462438
24883
765593
783888
449743
973771
886566
129501
950898
791237
437503
212397
455092
22944
284773
226409
945900
648182
632540
470130
569030
796593
338116
309702
404775
483192
240623
866229
732709
786303
936469
437726
746039
321844
830260
296805
872219
570629
581142
687806
803566
302627
876620
943589
183499
426108
75629
237976
193903
99173
439303
52508
845649
322082
409906
155839
592163
675382
607168
13506
259479
246806
935667
772993
932605
245274
893581
612474
439231
66885
393243
971747
787993
599682
993139
70923
801481
248992
389012
613500
959503
714396
598259
234738
671308
60175
423426
588208
336680
169782
948348
32926
192852
142419
137637
775143
532345
905190
381956
728551
609193
788760
848622
287072
713006
424591
146723
913991
836361
408815
594155
208437
577979
735640
501296
219256
68221
841601
605655
251033
593772
441472
370304
865069
622471
447184
504431
599369
138484
944229
607942
712839
536297
338590
56898
374551
37369
751603
716589
247205
282608
771864
168180
81392
909928
692172
599708
296099
926616
181313
197529
984038
752899
635185
232801
53867
803293
94585
579136
686365
905791
778821
772430
729611
129031
170958
833133
588531
192302
221150
123873
180542
690214
495291
859166
849433
751755
877213
929394
227144
814884
373577
984613
451408
192565
485054
140788
786638
70579
123278
999064
4983
761081
634040
561080
45867
951842
569419
886616
715326
424281
578833
210328
626283
233384
25957
998813
432935
937721
854558
163105
645302
927277
362337
918741
760876
731228
214973
958542
509642
992917
273203
879654
838660
192382
777814
650058
282813
44462
79293
81307
473788
293260
865938
901151
834709
474014
538365
347566
106850
496158
960707
669318
388231
298691
342314
324481
432432
145762
904979
980255
667113
333098
680331
916668
292311
384297
516502
657596
965358
610868
655082
123709
356961
307024
496265
92517
646693
600992
527184
117845
937760
13553
119435
643512
948407
309770
3804
476277
700518
322188
839873
568959
463266
166235
6544
707054
460244
515084
862322
208914
517989
390180
946247
623630
519600
240264
471052
175469
478493
400140
157195
904412
164760
101971
616447
811446
122383
335210
757177
591843
71987
160091
73589
791989
608632
296739
176124
358381
601305
952674
88807
784179
354589
522505
9966
629378
674022
726583
374896
118100
239576
552321
11278
19249
25863
726477
482537
640280
471168
727760
887497
648388
52123
217914
705486
926010
599435
530736
275260
113442
89245
361126
454719
872662
402843
981404
52674
229511
199063
570095
543956
742635
937663
93899
684400
755692
504229
753993
676361
592573
522874
250830
65887
195681
750691
932813
398028
510986
233774
975745
970640
192133
261089
396186
567376
370277
63743
518612
631489
314718
383559
243534
298891
78786
291688
972914
770041
560261
234796
670973
661636
770572
74313
226461
984384
412111
394844
307314
321050
660417
460879
346786
661606
669745
585070
26019
791413
437287
770434
72769
437192
36571
629442
836174
658751
992778
593858
227681
380116
232098
814080
672386
637963
679151
394599
999164
691257
823985
818550
712899
311439
212111
600676
242903
505545
671186
829004
169085
262671
839188
758353
937996
959511
83908
473298
316396
911777
401530
104513
101425
831142
837708
121151
47665
420124
498083
232312
252070
54158
234441
12990
546410
584499
197691
556272
811435
908324
52833
75284
367659
19875
799296
905326
692049
214452
115648
883451
537798
473730
287119
79854
439538
702737
491234
562081
578283
28252
250904
873758
270803
540318
163003
717138
520241
500839
169480
387529
608365
678418
453810
422380
953350
506604
568378
546042
213322
592655
830997
668126
613040
202029
553749
800501
662433
238297
308329
830884
15827
138466
421398
235391
774285
941170
665127
917557
231023
679129
960353
423160
570073
560090
415950
804374
989330
989742
271212
98433
655823
665703
632432
133405
668867
639884
91516
206395
124920
838111
122813
438095
538404
595227
669957
771587
474035
637981
74208
304286
201350
632072
717473
599449
1198
38065
973983
922295
904753
513600
971064
336049
263111
612560
517257
766769
390118
934010
224013
151912
886934
348395
282784
145379
221324
218530
167485
766579
709857
87088
666814
747407
590227
882529
520911
389060
357800
369442
679788
289981
628926
475046
725845
674821
705039
99105
391722
369008
173544
563679
798413
483395
98520
144789
721461
557003
735463
24590
527083
730555
970808
753003
525444
695544
264486
859346
921796
564911
216284
240179
900869
823035
190377
512593
619636
193770
301921
773891
254449
420277
915890
995530
826367
805460
550959
648370
65176
738197
325170
753268
457976
940285
209928
8142
415914
858726
99712
239200
992456
163792
505039
102979
713291
371642
889745
608307
875497
877796
832233
116237
446334
14118
112801
234057
839714
189120
231343
695382
268474
295869
57502
302924
886119
833679
258139
463968
783811
777349
183853
883143
96451
806922
207504
39113
39751
818610
554135
991731
856205
964253
801750
948871
284779
802848
177832
85385
641817
885436
219175
997742
64059
399785
25095
41105
359222
379139
42561
19052
338012
484208
293470
790839
758637
820312
17583
615853
106706
694460
182916
800103
368300
919320
201010
146568
197112
757077
410278
266243
389429
95078
312231
228736
782320
362970
748921
952071
26437
442293
533157
60792
339497
998353
780252
232261
7105
705082
908940
942271
142152
582153
996911
881534
4284
822276
732592
856445
411505
642690
226538
591611
820049
78298
673406
992590
911760
460148
39864
361553
640922
301488
939306
751090
776843
565568
631363
882981
957695
548978
235574
550761
926204
725114
997234
590985
471233
983644
977011
489053
306203
26862
241143
2116
219893
310032
353092
536291
783751
567580
783539
381869
574609
754164
285194
9688
351779
10799
427
362871
239715
29180
979755
392424
953989
303255
740736
397639
70992
206821
480520
841250
770106
592763
396374
330938
573842
308691
844593
408382
948110
345551
985752
699557
437832
563563
436700
705186
362252
241907
605075
636321
539868
464259
866083
400082
22443
997923
935800
680329
574693
249203
575656
549333
699636
839597
677227
546920
915212
289509
362526
890337
688912
756126
896937
345525
906028
222490
831715
150047
732729
516585
514162
65761
38825
44337
89967
839384
514499
778205
55921
718526
866890
903123
323112
875246
528466
230425
317487
29118
109189
814833
601146
535458
943182
214076
519046
137814
789901
725178
139213
31197
106801
615904
95066
274632
709800
739606
985488
483688
177507
321292
363675
504506
467456
79233
798862
38872
548219
470274
886856
19268
977492
556615
371453
306298
460893
868611
252396
352001
792777
294690
855769
124630
137308
617146
535612
495459
792759
526138
316431
864484
492819
810630
419309
646364
255319
912088
803031
454586
840847
24274
279938
488401
282674
747499
876847
966299
454360
858678
633347
539684
919330
303848
162571
505884
477261
176350
284825
509686
440272
446415
751111
610986
79642
781995
662162
49245
950491
37441
293334
770525
154895
237567
766841
99252
317730
376440
304451
945779
141162
772787
33294
596262
63431
435996
272143
45586
732665
34844
808635
54406
382691
929660
794894
997874
512125
506901
739543
975896
797940
232670
464903
454485
936396
610391
537079
30220
777808
314394
304021
832672
744033
158487
929171
333420
496633
795677
309822
531656
950222
616698
552986
970414
424141
904887
637143
496000
518656
331397
523731
293629
83302
379011
940105
431174
925437
931170
450855
442714
826676
813934
841740
523955
707106
735444
908186
686605
688040
11640
927732
288029
891099
617239
136290
326090
504274
764195
254726
690466
44011
86547
886359
380548
466865
630631
313236
36174
239935
822335
421324
983114
807559
408844
898876
290735
570337
567005
356648
920630
607854
883632
695560
702363
207335
513551
620578