758614
402125
313992
517247
634461
764407
740722
283727
26736
159800
992405
702375
712373
921501
944920
597868
957468
741009
646978
35194
483883
106824
824737
959796
315032
138118
92533
406420
156962
573418
914239
660511
42825
767268
585658
692075
13231
701713
550564
168439
743466
281526
112061
230478
624142
487336
948534
474872
393867
400505
521793
90385
387800
146881
257920
555473
669431
15959
355191
841196
584794
800255
311600
425614
797474
520439
673353
584148
667141
472896
392326
471470
857948
96122
759064
784183
942964
691932
179695
352695
905828
426634
507337
879248
354623
682667
712283
908048
919487
446416
650005
828193
412445
236089
407775
689183
116937
751210
63970
282861

427504
990553
152925
549390
385147
905830
320462
964008
493609
262403
478851
420139
950613
19413
138968
878426
289886
192654
5495
446680
818997
150750
795287
843886
336052
923594
449469
207402
857106
618055
373134
325419
903466
264827
452398
476200
884227
174991
922540
900140
337095
934363
818287
145349
382124
815018
11279
35510
197564
157508
150515
43506
570989
378539
462895
313564
972728
860052
820887
861192
65337
292081
121578
577498
16764
299763
782495
459462
585006
314441
945584
361003
463053
492390
224115
522442
932216
172107
636270
701108
467233
92963
897843
747143
443958
599025
250360
585869
291883
681046
771125
677290
345366
419202
258894
60479
71287
207111
316377
227690