863429
891999
422783
231874
106227
108538
467585
402862
647552
608021
760228
997545
247663
352248
916907
900252
871242
760647
911270
123309
506199
944863
381721
779370
938996
878912
539772
208801
591166
74688
600444
698842
980807
795571
363091
200831
176361
263751
876498
137916
428585
296979
662733
180134
923881
235697
817638
732915
85834
657099
833727
892044
227903
149231
617525
169875
778406
221791
760587
400005
150407
702176
465981
914822
229295
100531
611923
667477
466102
873407
755236
984907
688575
615753
443355
806666
411752
204951
197717
957731
391614
884140
381034
582413
345793
718787
781703
612006
322440
610734
815272
473832
160814
517530
172047
305686
279656
910099
923186
374926
353089
460289
607501
115631
117187
25809
560583
983036
457316
764228
697918
789956
343835
947182
98254
955056
579792
619339
904974
985529
863802
308245
561704
844313
555677
338501
232595
752503
141610
54924
656891
407309
520104
672987
839557
263167
732719
695690
818456
811892
17678
772121
180497
761778
941076
108813
334434
425440
738521
982573
265070
129156
778615
886660
41178
421252
555336
23960
201322
90961
593432
639185
729261
867769
917799
641312
767
35712
145695
126237
705218
567993
850060
944477
134062
309643
470813
496034
207260
709341
933893
767898
85166
779609
76610
164657
305453
214994
779250
805756
351433
354699
264294
962189
631032
295515
148800
300364
212249
713465
256826
200779
373403
497128
556254
151252
326038
190568
343155
322157
853033
445752
328649
999979
514564
133617
307095
889375
856702
276042
918373
949902
914400
125388
915820
380015
876444
212822
749072
880980
6283
360902
860404
186891
767199
629574
724881
720569
95464
601979
542346
490408
473241
350524
30007
980688
536967
442726
239725
826516
802118
836289
393401
73703
923080
848669
816188
944756
526368
53358
431872
115038
94663
906860
41026
11177
499927
736930
783806
765022
94515
472159
753533
567561
186186
695657
988333
468964
517881
283608
773021
461947
938995
642464
70312
220312
953838
734408
362719
98876
355023
219502
437425
790188
755885
59227
968320
854343
55832
92389
727501
341330
321922
798589
459025
308834
942319
525328
661364
860331
290291
13708
105030
255966
185024
743718
399207
92416
611402
840733
539862
988037
752395
285376
532388
365313
878864
109841
427793
965844
659754
468907
905138
468172
833121
805329
401458
153233
880446
143747
12309
764373
806045
840504
229776
977772
702805
287810
8689
928836
162946
165865
640186
50664
152908
876700
791076
378988
927414
547829
895788
171808
421287
341550
50688
349356
196640
584405
905127
949789
780149
709423
135621
242005
206057
256034
970029
338104
482323
709324
639758
679131
624417
264656
350257
25673
80168
814295
907772
968813
169261
640508
878535
17870
322211
692009
283649
737522
97569
718675
218998
670184
371416
991684
116807
685713
344468
17282
895532
787256
263414
199892
359972
592556
496325
266897
596466
524402
866258
735431
24233
400829
638643
945600
725866
15700
497305
831561
391007
396078
591162
532536
794825
380671
434280
592950
622464
633942
942827
281834
766009
207508
971963
444953
381109
990133
342589
244529
106980
276462
959533
424439
467552
884694
115059
657005
545885
942295
936885
989959
663066
99599
961811
297464
761883
475739
443686
828452
418264
108115
212692
7671
216177
100460
890254
837844
945016
276447
515608
427045
430455
706809
836978
806994
920385
136823
52845
277279
511955
418547
877953
603382
546417
584422
785660
800268
393070
709489
626749
968008
633846
302930
730449
670318
705242
399590
840781
974864
697032
610473
522906
315878
835942
991197
264592
59889
939200
148625
731805
640780
817347
954059
424299
487895
703452
606423
664845
531185
568597
36879
970574
156262
138452
439107
656561
793809
20220
386706
39134
351475
482110
511327
219215
166505
616296
541730
739089
784420
708464
947249
991939
722965
996885
143301
980189
715493
447883
222541
855407
179203
141678
630166
459460
536804
56563
271028
901548
610273
413424
640697
304967
494444
976470
387934
898020
78598
82560
374161
889922
73270
657925
851552
946081
518589
804156
106906
576074
215574
688547
439665
330821
309191
831322
404395
250704
666614
546279
788962
606854
785798
461899
617993
410938
679933
535084
341206
638302
312342
625210
325696
281489
126786
999249
671449
233506
610133
361701
768468
611611
993896
658542
335018
496010
747539
8340
192513
890988
435343
14216
880950
158098
853602
645995
351946
733362
545908
357807
685377
662183
325948
156638
900937
450991
306153
460015
929278
63331
263747
690305
256377
234019
559703
853496
200832
288680
458163
462202
85085
406360
948077
546863
702980
222010
378627
966888
239105
446288
516086
994217
448091
510943
374170
755385
599416
889730
780421
700575
811050
199079
272473
303769
726877
818290
855507
605549
439844
744980
727329
437025
858617
679498
19522
540336
540465
823933
836390
64790
375674
98498
57124
947639
945358
705666
398765
852097
331813
20805
2307
136037
608037
581283
98077
888359
843111
915229
823425
207891
494425
665594
13089
424017
595293
643502
522941
142113
776978
846381
97461
549519
328625
959574
730941
67370
194027
202122
172667
762553
927140
10662
854592
315955
770440
545258
679601
535291
997439
925688
638744
492421
700718
966957
25065
546661
30490
625279
564644
863056
67048
60591
141327
214003
582690
263654
695928
287725
926031
545210
614008
763101
178977
558355
166559
331367
618069
151514
273273
664850
490837
105344
306122
978947
6547
772659
419152
202214
209151
207221
929187
322426
292936
772350
111554
986338
973881
53432
691503
261897
571000
864891
112114
367115
671667
386773
579560
538948
361296
841388
6356
444178
162347
980745
157746
203108
38683
148265
611736
538475
111755
3567
716094
627056
876195
226708
220948
728846
240881
33646
965889
89311
776370
539303
542299
658842
508876
852984
189082
689154
657977
575555
832335
716108
4868
425766
837850
293200
527478
408056
685498
694165
303786
198347
432009
545718
832034
626307
558946
210470
743728
308138
749931
119365
372874
234222
592374
389869
277538
142771
434927
385410
95379
170518
173709
490577
844476
216464
180708
625924
758501
181622
744080
695536
760519
507779
581922
828369
77755
194865
370200
594318
270175
792442
761571
537804
134465
433717
388442
273640
536088
376117
733489
359770
996793
352665
170028
776443
224956
951422
686159
390523
599420
612097
745651
166296
712300
137682
273165
59139
256590
709309
634654
407245
149804
617568
890582
57281
303189
809038
482368
974205
432720
483547
571620
393528
850863
851799
3776
600894
825043
778842
338925
881217
128100
821828
533469
277528
729453
730598
11536
593019
670026
409632
970108
208222
654318
435317
749369
504535
393246
229725
823312
448525
169415
333095
312108
300292
204941
283250
814818
764437
503697
21615
301795
961157
542956
132953
988166
298379
144747
33811
479604
963242
924280
630682
802149
320185
761055
20459
151436
914867
791301
684879
343105
886594
9930
19872
990123
703182
947396
634830
269636
39802
292671
39466
406096
481107
513116
716565
957367
25289
304327
328891
769207
988653
709583
717939
59544
624536
517467
100705
501363
983220
86846
43272
194471
828349
631646
998902
496972
836136
920762
919406
212008
181817
260380
643832
551121
5900
890925
728453
378085
611333
602637
906504
927423
868282
513448
607718
741450
533432
249298
956559
956208
702034
240845
454468
779232
178102
753658
929998
743800
729906
236913
783947
55308
275236
233879
411383
966578
959372
978868
123970
272264
108609
600392
646797
770280
616837
855468
215302
667188
301511
459837
792460
207709
93289
413920
584164
223569
256225
298857
453133
316555
535020
746299
822853
422943
982456
197164
931409
316274
818839
890808
331632
15493
860406
454282
133130
631837
360643
794761
100309
575087
7697
898130
189051
677410
244634
811621
855007
152482
313962
269555
46838
241312
608282
376619
836725
871370
125161
872422
357206
155735
713972
101979
43128
229248
460354
199524
141368
878965
746911
49774
303871
687081
900067
908982
821585
2644
575028
30546
41414
265453
931129
887572
900494
410038
857444
199435
318456
999004
196207
683077
443258
750480
578108
732726
630105
781751
600469
562402
139781
176659
604566
154257
589127
691995
57747
497955
591339
843366
187510
180739
504430
577759
910490
683517
670954
574653
106711
143361
94029
888422
823918
577504
548625
371254
149534
231161
397293
94362
473111
252852
401203
813129
31013
143392
801247
278460
513793
46320
45435
744286
347794
583540
502270
116115
673892
714463
531438
507213
903623
992957
329134
765338
652195
682559
682502
223849
920893
650174
804035
263352
902257
864255
467209
557736
990342
506113
947890
381128
140996
964950
933356
213954
43588
634551
75042
473562
214826
40328
576667
498487
186549
230304
691882
227735
710170
196588
325769
871664
203805
330246
715426
502483
789104
405867
420920
740124
458461
742612
724937
695026
193473
284403
463989
548859
770376
575685
833110
481168
412692
844368
153105
668708
56088
959539
41307
235754
272889
396544
953407
569341
101987
342988
918019
430102
699285
325026
7685
326161
281727
824200
365266
503341
58131
859664
235651
713181
469072
422539
212833
375313
715123
463905
662077
2877
75220
342986
219984
88558
308975
827325
755707
211177
606517
222587
469499
162815
90193
612439
339334
235501
920224
343876
498324
842735
579793
955735
27623
837919
632122
504873
835280
31984
830003
71841
483946
648174
291670
440164
314036
723934
679722
894154
768679
606999
770296
138963
561618
565279
968099
460054
586173
319554
799774
493488
187104
823257
989607
893665
844043
478319
947510
195276
906144
475033
258291
999740
742494
397917
375983
964263
474555
622683
437805
344342
443688
368822
530438
345695
769711
370321
593599
633625
264046
979848
507453
601428
177568
760484
663281
72142
194956
857547
930833
933452
165909
587739
396254
685952
764932
580652
464304
462200
475538
732962
933384
572466
589561
73217
581322
891669
146101
548481
123664
734535
854756
546696
236759
625163
507261
299831
857645
61592
563738
919311
507749
759879
337322
849856
932364
565737
831922
751799
259455
722388
748237
66160
609516
657265
173024
627092
775302
460089
342177
679203
691211
109678
7742
74816
464146
561417
751376
994036
768143
699969
786619
639803
307109
399823
572941
116100
931903
586506
323814
760293
475521
446995
141455
403960
875397
755362
179290
944890
79360
852945
953233
125953
375206
135490
731257
266999
573600
269357
227271
970489
596508
909178
352670
307626
938066
637910
657149
11281
913100
752896
931133
325028
517440
948083
151228
30608
874694
619686
377466
225919
497010
298075
59196
884950
396411
699448
624233
818541
723307
131637
817598
925795
775906
623243
599597
199303
149036
958741
650377
223327
149816
215210
532282
512578
541917
829789
368879
73309
887072
780692
152669
559547
46161
73704
977116
488034
175842
249297
511801
650163
584410
381445
993980
93390
518894
327132
659044
146676
129267
516624
597918
749374
208992
555481
969327
397457
517182
954249
822826
345815
617978
175707
46318
615616
531191
855019
246268
44727
255543
590523
299508
380931
535444
197317
131001
619344
904293
818397
880776
141390
683795
74281
371839
120215
348762
119800
200702
868501
729662
22474
607963
113329
501171
138690
827791
719256
932034
214137
74491
718397
464215
741668
145106
135371
74035
466792
454073
393443
231854
349046
660526
672486
947671
278509
689803
11833
162650
567210
622666
680288
602930
295163
296772
269120
641671
592008
303234
645982
683336
873279
606543
684009
984705
719159
458457
229874
474561
336763
214784
360779
862152
283236
71747
522342
969175
231551
650139
254298
200595
104645
943405
292747
593706
29232
881120
918878
677459
630148
816473
25880
608768
481313
483600
421886
943810
98579
478523
531104
579440
744135
140056
413621
683730
353637
15807
348947
976515
806520
604967
583607
75083
245527
239801
853987
312194
26245
139267
714801
632062
335966
274157
767323
834180
629029
438580
585712
260853
788218
15796
45048
963639
705152
269586
533802
586515
19606
676453
438790
79101
522438
487802
303453
589933
856551
97889
563616
403664
261627
589319
391256
629842
320319
103159
527998
536227
683328
283645
902730
824620
104324
380345
761069
301568
323695
523028
120513
317706
820432
353191
117952
789
914760
828997
414668
894215
382663
915245
827067
982710
733391
955957
442625
893998
61575
396001
31042
473504
305563
858873
319643
178662
367359
621033
277799
696043
799337
823857
92395
292269
503235
174278
34055
513111
958413
285812
758689
282025
716461
626993
69334
857057
271961
617385
59472
69242
514596
638348
704805
412325
334693
781081
285568
303739
534881
578639
434131
810065
627908
742143
297601
888956
358983
459414
953802
471606
582170
73233
224906
849736
495417
388209
400704
167907
631628
935070
462970
124363
500782
902371
294806
540509
491375
582412
561640
816075
590542
1998
243102
558026
458243
826638
324002
360255
766333
150463
84440
4627
885475
530162
945007
229121
546751
436841
970255
90468
266732
94586
864166
883423
254520
337490
172083
978108
133442
28800
195153
715397
484653
910491
82771
639518
505772
616900
475296
744894
831945
420582
911224
80335
331269
763675
18316
444222
640280
444546
378787
480686
162634
21411
508875
144498
320852
115641
562492
528171
710851
803528
752872
138391
861046
917438
236108
546478
686319
117685
143312
83194
650861
4803
358334
64508
678879
839831
359887
703976
618351
325214
93220
646698
731026
204922
67214
440716
994896
442243
507695
488869
654529
567913
723343
592743
761931
157653
47790
213692
9291
345549
238423
922864
299770
13513
709055
908976
144560
683049
928339
112093
188028
865764
483403
162422
978574
832043
746687
762957
76279
544088
768390
513216
127857
303840
420772
161943
101692
993216
108343
539038
624954
164713
435279
542887
691393
62163
818179
982223
866165
313726
970589
614624
267173
175019
617348
225860
725107
507631
347646
970398
253431
190619
558568
25352
553258
242941
511764
233439
51214
481792
153022
722909
474492
539368
905721
854754
407547
676400
780261
237272
10638
89813
842610
51298
587354
287272
834880
191306
129723
878635
287112
342038
203891
976572
401512
886318
506830
166400
757883
11118
573936
284299
42073
474787
773243
967865
489030
148670
986427
852002
753390
653985
153680
83568
999252
867676
898619
229389
142722
577415
48683
992323
207119
761870
738468
154375
849279
572826
593144
98070
134090
386850
232985
138417
8885
229069
645790
850097
137749
741085
260145
90439
259847
140636
993746
118940
78574
128478
569008
985134
419070
486678
903257
703800
813031
734484
328714
933093
310325
798484
309691
814457
784927
244004
185789
35627
972187
633224
291412
12218
232227
945273
43785
31823
783954
758104
579655
308910
44942
63136
976401
629484
319637
522005
802606
156206
277933
876016
748983
529644
10239
372444
8242
124444
542931
362866
34544
410393
429327
364226
204456
197714
102226
87062
994174
501916
454955
772106
373643
307388
465401
428624
323687
954484
816841
971589
148311
686416
680165
187616
228366
468949
901669
213495
839523
876191
105027
808241
123500
422779
832721
728767
585446
352626
80990
360385
547838
48414
660824
65933
824304
190819
651846
321949
561912
830334
322209
756824
986442
132664
542212
559212
469183
888
819851
664207
698326
276604
379573
169332
630900
401494
200517
540058
580022
133111
880701
212567
736952
67677
408218
202883
894349
51672
69745
37544
482739
633608
331610
180782
439621
63716
114609
185783
490942
350939
50464
923273
317029
833831
109206
947569
324096
541277
26591
125971
894024
251156
443244
231749
161513
305367
120413
502685
211259
837326
329999
279265
967320
482959
130434
699327
72596
152500
594993
180636
591183
562019
847107
685937
154886
998147
884554
818402
116729
808139
312222
221697
277944
709565
580065
81484
750969
112185
196467
547565
192048
195887
65866
86534
127322
421258
2767
570402
297479
887301
571731
560324
859088
469674
178033
340275
603180
430943
680661
481709
365527
464232
354169
8665
558533
680601
315002
55448
929383
827951
759744
116917
227604
133143
312318
134450
380837
989101
253255
958622
445646
291835
885127
341754
98087
786997
700643
650604
455678
788675
562670
718504
978418
228179
648326
7638
396370
143704
759523
133659
262429
560556
870318
96788
738996
921296
356681
295450
571364
868867
334585
404066
537530
784321
642986
438757
571303
385259
954761
292165
579815
557629
981483
422282
444962
522938
978560
274244
894337
823002
51901
63642
197967
63642
852507
341659
350453
86748
199253
718929
157647
241519
807673
603609
634742
302409
898980
847467
981796
201252
138533
335513
358725
458824
320138
414694
538278
838375
484939
585160
42261
25786
351882
793870
193440
861518
848604
258504
64202
779673
802935
947804
476891
129328
924067
693711
447236
91667
33190
462898
798654
43551
395687
22087
589996
27964
162067
403207
982303
670941
271468
285387
390057
851126
89138
492529
614571
590372
480307
254193
820534
485933
588965
800686
573869
777968
349320
213960
427447
210464
595306
458128
421936
873602
725324
394623
275061
244141
483993
184082
645278
420783
81709
744284
179917
596097
971283
424620
321566
586784
883672
553409
741224
501873
889939
242671
147450
183362
860189
877582
583785
491846
289717
314489
141373
673902
642867
511935
136833
90520
22755
187557
964035
188068
69743
966669
911258
575696
404720
531944
509671
260345
13654
745950
915685
505631
488454
313515
542780
108126
258451
581800
723695
214079
381752
541415
399315
705969
658043
377469
178523
571863
280719
568583
600577
225882
115541
871444
571220
313730
355102
132442
978537
379009
833826
135211
697911
768776
746940
671853
289227
852260
394598
147723
688545
208982
941491
264355
941219
596322
503378
80886
204258
12157
848990
736072
938911
460802
969919
592229
206718
296390
369017
121643
572106
241519
182036
245607
947666
982215
575669
370394
966746
567745
650982
18683
611089
335455
173780
363399
969747
884010
518328
640049
823102
126115
31777
462907
967146
670338
69075
956462
820192
859029
19920
816240
762632
324392
162475
314228
104874
696407
487509
253470
3249
637689
309727
762214
214189
388544
186473
880648
108593
819607
16117
67953
163859
310601
17741
232114
665299
580036
834717
581993
682391
390409
773087
976281
477627
101142
622193
261487
522137
236506
761564
717301
713033
976691
413632
505130
563605
844509
692728
120701
745821
223131
375420
807917
761375
752618
530436
881820
91596
500396
998798
265459
764982
167822
638600
804752
889656
688990
469022
327375
470971
314624
811856
704018
134375
721207
396648
172717
900497
841335
518671
553106
942748
717110
266558
273225
709421
905114
64589
252019
849766
336576
140599
767941
735340
268625
483912
893542
829154
914101
695562
957812
582594
325149
491210
383447
349613
333345
539897
451336
855552
590487
824168
509331
850360
680239
334934
744923
224635
513926
93338
135857
992795
986663
134007
99374
96772
922915
752995
990252
434035
402061
558422
233455
815307
651368
121849
351559
920187
600803
907276
807960
482560
394503
843763
36335
990278
743909
538037
35865
264123
131839
417049
910151
443683
79942
466736
525255
567274
251584
105939
694730
190597
537904
25193
766938
228251
644979
15735
581050
888103
739996
101816
409276
318180
265165
497972
933304
56731
884369
916752
311972
144788
709962
869121
908624
875193
741274
868057
565031
38532
755539
50889
376980
21377
199204
83955
148727
899732
742818
452107
234186
257834
470495
197422
616081
327681
215302
494993
676633
215432
470985
309065
481816
274592
106968
291818
759050
243519
894103
501051
881572
991230
650902
454422
145723
493730
215769
638515
50802
634392
944004
203276
557205
711106
520333
55750
958177
816374
873794
977221
69972
876543
265421
194639
984095
513033
532512
389338
56822
284369
160919
661205
733586
928147
708491
268394
664973
547191
678593
430981
791614
944550
339495
758240
531747
1816
327733
784193
507564
576610
273665
99807
445397
779908
365510
211220
900358
506649
770049
944216
833713
201847
610074
75470
354169
878683
982474
711823
939900
611561
537694
753103
27777
397768
835034
559736
402830
639559
173429
480722
817353
468511
269118
107722
251889
235349
34517
597495
19906
248657
332072
277351
771936
152164
588155
8300
675530
67239
150071
799920
602893
809027
41304
388649
945468
372106
488445
853251
824851
397915
672827
302984
503846
778834
604883
508998
318651
400792
437578
34547
747602
526497
583477
340599
56630
958177
190836
197676
36231
681707
710064
272516
646522
463434
116014
568361
561357
162103
89110
684064
925937
182076
612219
148203
717771
832451
30961
934501
387306
859958
932101
811656
846524
719147
711394
501127
693809
581422
887811
445614
966317
226073
447875
197092
857303
494649
728895
46248
83329
306539
432888
860950
130300
225548
881251
882159
456922
851366
537605
934020
409082
49557
397482
143488
834337
924841
212369
968293
23957
549718
375591
472082
898046
473399
8016
506946
44129
251366
322238
257940
347027
285368
925363
942183
724048
59538
907018
535978
746575
1583
237963
638990
92761
820720
142548
693951
804125
921773
57699
197560
470851
705241
855662
68928
252813
355293
851802
389635
830290
334780
865246
768349
957774
712948
840717
679922
692894
667348
768222
321202
841402
191929
675580
629309
128396
921096
169428
502637
708425
389293
331725
361616
537964
769088
754632
505778
718999
832130
49997
295871
114329
783231
896077
999647
229767
732619
762496
205329
910876
733610
522093
899567
638360
596503
949488
210741
601525
924464
776663
73285
86723
688870
852837
285517
7821
9032
635683
934765
332705
247923
581956
19717
589997
688739
98841
687213
768391
14010
304310
834300
198146
35445
371956
790220
754819
743586
807922
704364
355406
704369
371565
795693
681080
504867
706151
38681
466272
8687
718532
490691
143821
954850
540186
164057
973714
79645
298690
83840
73243
150133
66648
834279
802945
51763
376776
807397
48764
85564
624278
177721
450598
535245
288233
286570
931477
431282
348054
260774
570952
234894
288265
613887
910589
710208
975230
627369
984218
284403
683327
578898
939999
585835
789142
290522
687870
300978
460530
297532
48376
556945
454738
943572
723626
6114
223089
196469
274269
803114
999540
520184
498977
373475
796922
362382
572768
80274
996379
247134
206823
542016
634134
407403
925515
719386
643927
168268
39500
29350
352559
495651
351514
120188
417175
17146
806603
58909
348975
691009
653208
555333
763332
195044
538063
922
148261
63382
851297
969186
678822
484891
509735
366668
175374
897716
47304
600126
559419
556973
372973
699689
266556
20830
626550
75847
47000
309803
592480
209143
689871
292568
634437
606810
999485
657443
971968
144851
156664
922664
36561
362865
876167
990833
629335
368444
182528
488298
23592
611115
49672
615722
755861
521097
115598
429304
801784
70541
639193
368365
748774
574578
453464
668742
810496
192972
660844
157389
518036
43783
958177
916869
996372
53204
117769
724364
325936
700993
268667
598009
232140
280019
662185
638313
378368
13676
294893
897344
419463
749999
205605
459319
546094
429313
279089
200219
598666
730248
283745
493163
801519
886002
831386
943877
519149
855571
105477
705672
620746
913298
995070
624220
189326
505880
695267
864566
299925
13220
693351
621526
734411
622899
233110
52982
391489
736945
901917
157671
156822
800349
892995
100820
486249
456662
901832
719610
754456
879275
863500
676797
274100
359515
564270
754103
929861
525579
209951
31766
893183
940088
932836
231926
886995
594222
232886
470228
994477
23062
680048
523465
669368
473720
785029
329307
286620
322027
65678
549893
559226
154288
667712
767620
887721
961880
668726
81257
579471
490622
182100
633078
430606
702452
498215
112041
894018
997744
657866
204688
245668
440255
214725
127003
616227
546302
947399
56510
976679
109086
561669
931180
674572
854930
420020
96531
714685
101757
423071
841809
262049
354314
638135
511601
176673
788737
825224
312557
478556
344093
78051
503602
554097
457727
105900
702809
722002
628309
467164
642424
553944
79844
314191
842283
788012
940553
166586
287251
10912
723118
972250
962902
487243
474321
781468
821158
746927
249626
6557
34592
180955
885233
30223
211586
87279
103600
232016
817157
135318
385460
848737
578126
715784
997777
259210
668055
773501
802209
450924
708936
331869
766872
680294
27316
988547
421342
886023
171808
520454
669626
984872
426849
464583
945940
214248
278890
275092
365275
308198
800014
303495
199418
676213
200304
487910
383110
603243
976871
758980
893211
553146
670401
111899
414903
90375
934114
552010
726670
309512
930777
234981
8989
647456
619530
803957
177569
468714
268376
837056
403467
855721
930062
144741
340523
796191
283992
732828
390679
256921
49681
912247
631756
482998
164730
831778
115626
940365
857278
769148
331140
225556
798513
977231
785440
141242
455424
645924
935416
527774
479547
674480
481773
216943
111382
240759
291104
640664
797758
369947
536389
608958
783936
707998
772730
403831
868600
519617
694041
819041
721333
74578
929017
105256
55835
490425
246353
878422
241918
731840
168203
73482
320938
259914
495404
892953
733707
928466
866307
728166
404511
330461
910301
361860
422973
169628
766677
561479
442581
743498
699861
168985
685109
942297
566509
343078
425951
33388
419050
774553
862908
822804
941463
644437
777036
905995
409054
547063
796340
635651
869011
9906
923822
951261
540961
797346
599890
812902
475424
568932
539165
828405
509121
406218
139318
735328
830479
116898
258516
691480
675915
355178
516182
914468
723444
632863
660913
327048
316147
515087
286606
159195
303739
779516
763633
611923
392799
12697
805285
360632
958163
656571
955278
818157
679564
662346
751643
523096
597013
76854
378833
948405
749084
556134
175448
245635
66817
138251
632125
220842
438663
961081
214802
369251
372527
661246
778754
53619
264404
502795
349682
8248
657408
973795
837332
967222
796199
684271
561716
27965
500157
447602
397933
684823
709054
674421
931477
498300
364352
847662
111308
207879
125363
643682
368876
442318
570653
214316
162812
189515
802375
729708
687860
521860
353250
165367
313033
86736
165136
912071
814475
978195
805539
45619
974004
718175
966428
1596
85775
512020
117466
840906
414847
227631
973691
641813
598702
311258
14273
481373
456655
488424
519965
729827
893756
301560
672888
811980
247329
20113
688556
59397
794346
123548
711090
385400
631076
257533
771567
677172
709161
913344
576382
271566
89573
385696
737934
992098
235078
871463
461
225132
780973
664896
1357
834879
723814
502356
444510
37881
907832
603143
941340
395786
947041
441408
808258
462649
277547
417181
37709
501505
325956
20819
984960
739900
794532
296307
65628
533188
316514
338448
745080
992934
75516
399829
468559
723554
587781
616505
964895
390407
298248
853522
949233
554722
513941
464093
676850
982432
478315
701122
801644
256024
173511
716584
38194
882198
566177
112043
158484
667066
918782
409617
705137
113829
282966
965711
618746
804250
222875
620194
675777
2034
305737
789924
30070
518397
521909
133716
369940
478200
193096
790604
119120
288655
475012
925126
240334
187807
409454
645066
530226
538962
376734
333808
322771
649529
242727
845537
469612
235941
781894
403683
201625
236241
343525
227674
652790
699269
513169
17993
885258
860659
577075
278598
425496
669096
921269
413203
849962
19916
722802
653012
799412
738623
400655
406632
519957
167385
149442
559827
55181
890835
139122
729966
817263
703005
893394
827246
492309
804929
551557
117993
873769
846975
3256
80680
62084
185269
332960
895770
755910
955469
907829
316610
671782
697376
76447
413819
111384
851954
284308
826940
533149
237539
370630
213896
789670
4215
407966
708313
256607
15514
631493
821679
861613
922467
849388
204130
738632
705649
626238
640574
453749
406499
117314
615538
195839
980376
865879
57512
592198
343418
957798
142119
234616
778663
852132
743954
570082
4554
468795
488961
835316
748624
469992
289686
860972
205619
362639
816817
456728
501092
668690
173202
383782
174969
931134
211665
291871
675306
634543
152706
63877
339463
658092
74603
795343
892210
288850
996740
664841
360234
697984
421516
154020
405035
732822
182262
897697
309814
39206
708778
657676
83309
189349
147543
399264
57847
256323
159215
567405
765082
345458
968160
157065
526255
673014
852979
874753
478904
128008
544416
239164
714671
45473
913321
166222
287504
213629
852840
384250
917320
579430
120102
605032
359309
845310
885050
751089
780460
834742
415259
672832
730095
728067
405233
155669
556247
787698
894509
946651
382422
499256
808745
305681
861577
145821
432306
951047
472670
44152
912030
605724
364488
780801
261370
968633
585323
310232
712843
389522
300675
154445
162132
550707
217420
334515
188411
946008
585404
83234
779191
789996
409933
288927
903334
469425
133705
709566
165190
597282
805919
16121
170889
936636
979119
51022
948293
824801
270855
596758
360102
870952
95099
415301
298521
658943
855248
344004
130329
562985
153862
923790
103573
950286
235708
305247
841384
543552
705785
374635
712072
599206
523743
138209
549281
80979
54334
700816
98291
658722
954064
202028
248796
910525
744128
483806
571076
279757
528818
802402
254586
914047
595844
328380
197732
665354
4414
18089
48176
397249
397376
204433
346084
843637
837961
347002
974956
779774
617166
199467
894303
898432
279611
500692
445759
761027
370897
593593
891041
275812
74941
212629
283465
668777
600371
143910
354315
601078
850965
606995
842111
436047
144604
651317
506130
13653
777206
608718
411558
651022
431572
607435
530039
147869
550494
330458
439701
285971
405628
105221
473573
928837
72475
78291
645239
552711
764918
970516
382926
629378
308549
764227
313723
518103
165974
51413
725530
288311
618497
918790
70925
639510
440170
323857
8024
602515
186978
544802
84269
533795
943034
641030
310977
478678
418895
866329
456356
761263
559180
456044
368323
576296
580776
840270
961427
332463
4195
629867
944591
747966
135557
221676
215109
116837
767101
731369
319100
551139
866380
16515
25711
232070
731485
435053
11581
826315
238013
343617
741622
244340
667109
191220
15445
498164
996058
382153
858090
852256
323635
406897
245360
180648
69377
539421
421207
235834
654951
467140
26257
761110
409714
448991
506573
835693
224030
461934
881928
689605
797908
4638
988082
712520
235595
424643
658172
591767
179806
975620
171132
717975
603368
134402
477578
685435
430667
167956
900594
159142
486745
550026
957092
852395
268629
290579
195253
508942
12944
856533
927946
57120
989510
725164
578161
611358
754142
377963
922944
498416
722313
880088
926639
9044
472702
8637
462330
445878
370073
389933
46949
802094
568001
319234
885902
64829
579331
494091
839961
73631
484489
241206
871847
179381
426743
134746
288448
677940
854314
739951
393584
87573
115316
985054
173303
610736
396056
376294
289897
471643
460883
763562
539034
197622
707843
384530
694641
405819
288509
500536
800539
424596
564217
475512
607931
815015
612073
898363
791356
609087
152196
660769
765165
478
416606
530456
951666
533651
604951
409835
650287
817839
243136
652386
202032
88891
766233
141007
382995
106430
579890
572444
459401
354764
882370
191448
893399
467995
576440
836522
141645
395059
320155
884061
330738
923300
907842
421790
258728
924644
510902
933643
764492
685436
588317
616263
558042
615500
712294
922667
355226
874437
514628
936709
33168
698805
722868
674861
412616
621048
488497
715782
604724
909972
693492
207898
825027
880679
942267
440337
186015
467135
793052
935851
401854
153689
6842
134354
58152
838252
952820
166002
336776
182762
862879
883265
202599
851878
561992
643313
773187
504717
35919
581522
618818
945946
44095
240321
849653
267202
432253
41866
145204
890924
318439
88071
576068
745474
110620
744106
435743
90923
128990
28769
676131
775558
405674
929392
261845
182348
437155
243955
861960
209180
419209
652057
501104
142987
624052
943561
80168
922467
563789
603871
20192
301591
362948
930517
877823
730892
636904
321129
95570
750204
959103
494720
386139
451895
380772
563975
588231
894382
872093
912359
202685
491011
453427
422771
625424
242073
163649
21224
233232
351180
186798
113843
623903
409384
445097
102974
695949
359389
220385
375429
717419
699209
589200
943191
15118
198664
993296
982339
4067
23293
824817
72546
480745
329355
833916
686518
208480
418548
525739
897333
546313
519278
965872
905673
764474
417105
83080
527028
411192
669265
531714
88186
472299
224599
942853
634395
229526
5879
121307
15313
838728
748893
531736
651684
761427
261037
942820
328193
923767
257434
303499
212904
123604
273780
124980
101027
526098
912312
546791
411234
16724
512677
363073
838228
104506
377845
215591
261920
211482
798131
817697
455408
53500
239618
825165
843400
329989
228664
77680
409333
686561
211099
78045
517007
143067
491559
22443
714998
373558
128265
870252
511381
382949
866347
478637
493581
692523
993233
436795
347495
920590
158363
757214
149234
926167
93508
606604
938193
333703
302251
483274
179722
445247
736902
617259
77871
591973
668337
195147
84352
430149
159732
768050
671775
160772
780583
437546
910155
115626
181863
272755
819561
739684
26820
154069
291647
631626
620305
113731
112181
928727
413227
251459
121633
364657
697733
965576
868951
224487
752134
796347
286727
547236
575767
236768
843421
158931
194408
61999
685428
938699
233459
436628
866434
152649
518125
570301
756973
310046
867264
762660
453220
349291
409607
205684
944369
445839
162679
651524
416487
294127
231195
342661
536860
696730
212001
112534
944970
856911
336154
558350
155250
105081
932370
317816
108941
14094
913691
167604
107685
979512
32310
357898
237322
621144
32205
63616
843309
544414
41062
397439
472417
72980
499905
231505
919672
158246
461993
523097
733909
28076
380519
316817
857788
383594
757151
667662
770143
790264
931333
856612
306102
484560
625061
673127
704974
448519
598284
194810
213348
315156
298610
633335
941294
874512
778727
920940
667888
685619
115309
980296
704114
869404
162848
497337
95835
807014
638590
268210
596683
291568
238500
216345
869270
4305
293769
239900
275936
84563
187247
347062
7610
369180
452918
220315
942168
528405
236045
207656
555224
163014
370611
402987
833876
54530
299145
412820
675240
214351
183723
739219
32515
473257
486728
658635
294470
711582
877317
910815
732881
300489
437590
58371
484583
510255
899236
609582
486947
685260
255713
752472
969517
232541
994326
648503
576602
378216
299907
823747
877458
991578
449353
708866
274800
66251
785408
388945
508039
177993
732331
735703
819131
804162
680981
476650
100145
868591
249383
399720
290096
881017
539677
929722
191872
53889
138393
728877
783924
454546
430187
788296
899461
787744
595796
210161
909184
885507
938017
81398
108504
681823
988281
405084
375417
491057
878866
201789
274957
33998
272590
951664
904938
374719
109147
921178
175236
72936
640556
266464
877798
668235
333991
595230
363946
628263
585287
817974
376251
810336
943960
3459
97207
644932
531449
172919
395226

720542
13224
271626
788397
997929
887807
479975
253071
862207
988068
952673
71437
314428
806211
411556
134980
808447
88735
314456
361106
525147
755376
545411
299122
239335
215594
988384
374098
927986
119008
182138
265217
22996
823162
430671
329353
20172
267306
256873
72657
366157
993892
453698
197456
943106
844397
259194
99919
813001
823223
852283
33912
53016
819612
107748
181919
905857
439556
924126
610469
972221
938197
89718
653409
631402
650239
405308
722661
888783
217928
472433
416638
745413
191457
371970
135344
651782
52474
902994
70521
849030
220093
841895
938031
934031
874974
624375
382085
318184
490396
715659
689425
919018
941751
127188
518424
967183
293875
826294
234188
378014
352966
210041
917028
181776
220341
358060
2670
850886
591153
200306
941646
67905
829771
209066
484999
508362
283030
925286
53942
35577
612043
989336
714241
94634
669424
811027
721992
582862
317708
245901
294523
269774
435401
346698
106440
435721
326729
983395
663065
408760
690689
877497
202707
379494
124736
32948
243269
140171
863912
240924
160616
729372
942610
135133
540984
726100
731484
691716
820956
373922
539447
555587
342518
494277
90993
458819
855503
775121
6040
64525
369512
854565
246239
773394
101399
763134
204239
458677
561226
892527
744827
322196
467521
125244
118337
378091
860295
985216
243216
573498
405305
45124
867404
273448
928742
947311
550172
411464
887541
94668
979336
982109
961703
726182
678142
194427
954657
182724
181608
105316
354898
163009
335945
913518
41875
145405
578219
202294
215449
229391
964388
7546
952371
430289
935390
277950
76146
332069
771754
220071
110315
763589
87900
494705
391261
233862
181416
481352
136245
806885
132551
698337
597623
17142
437304
375803
529562
343996
212902
174495
255060
889546
859194
110883
813413
513525
703565
59229
389456
133395
717398
156356
132155
624825
605115
307234
406824
480095
101478
759016
593748
688065
270714
124649
60207
374088
730780
263437
946938
284997
166538
220549
263933
295939
694119
513115
761649
695417
958579
578712
670801
840680
623065
477744
208259
960175
553345
865649
224775
824181
648569
82617
534577
533285
609756
876741
140071
596394
827826
811803
251693
395627
391891
422678
385873
450833
992817
102306
428598
808325
452111
928010
955612
254608
709708
431162
918294
70215
348256
340072
312436
795727
895189
297288
202242
837307
618346
91943
554464
770536
465590
216545
45633
191550
678609
123826
325177
158201
862738
984328
660721
197792
836867
547957
673634
704403
570014
589167
938305
45741
20043
17233
554202
976316
644145
563864
20702
592428
655426
385573
401098
69404
980500
751601
120636
115420
937878
554411
29058
781676
948471
11407
699978
796503
234236
173036
636217
414727
869873
386682
755362
780179
458930
621698
594846
903878
629577
109862
666788
579484
37320
863040
966459
478702
43744
48892
409057
769595
148022
194015
229797
619742
735872
675966
827188
68865
838811
683219
624797
866340
563193
106706
879221
774170
527254
337730
403764
752991
251367
168341
242737
230608
260500
386092
195896
322619
314841
505894
784426
922116
784468
513006
837671
509044
457755
389486
574262
300282
342501
347664
593699
798343
216806
840468
479251
757832
399699
932124
177254
276270
896271
197623
373079
552794
653795
366470
814674
786351
731761
586365
798232
376149
277843
886894
636281
703892
398126
936559
107636
813954
553667
453022
353202
306097
727167
436712
177805
167511
551331
702937
401588
160969
954753
6406
875061
865556
591334
310131
751614
48210
158074
541701
689863
830404
636291
952620
722856
695107
693985
240070
66925
376831
676594
246043
791552
598868
76639
874784
132483
452581
302013
108319
422759
432510
103250
638309
184805
901225
466674
524306
209319
640130
374086
984905
904119
272160
722720
267386
984280
210892
823408
980605
123316
442378
830324
521775
730650
553401
413828
726916
624330
210441
396387
416663
225637
847806
867189
699591
856963
463428
665761
970114
580448
330605
445431
114337
7630
552991
739114
775014
982585
438968
634032
545372
333905
196143
781127
172987
101230
332877
292405
714810
828219
980421
723130
932252
720329
841870
193174
509836
858200
723332
981745
104281
392281
642449
743206
71163
265787
958058
670386
617674
486667
883662
351847
921109
266629
850398
541059
483713
874457
250961
725328
267169
181907
360961
128367
935725
987473
192583
751396
705038
783591
80472
213277
725576
692747
545659
739409
545946
585499
530517
852595
857292
510037
635261
58410
913607
188338
319785
739535
834514
802858
982742
150444
89941
866309
673226
711966
500662
628717
291933
239057
375388
365125
454047
579188
637759
663523
867833
985979
667834
708122
233359
283444
891897
383946
699438
898877
320412
25958
315166
250407
119090
35403
81846
995542
698750
294080
211848
930940
50618
653057
490332
225430
845896
455366
389090
151536
94097
954440
548277
745329
214541
378317
241959
724787
469478
362802
401304
202618
604570
452745
468909
379382
451285
512871
415580
944743
777445
387324
412459
780195
870156
890025
472593
825087
662903
954478
564653
227993
605567
903976
504343
4704
277235
450938
710980
204116
830469
195377
925958
524822
931130
760615
968778
481384
909854
28009
87338
41101
876864
16946
906924
672342
770104
139349
430418
239293
40192
324799
547406
494800
82917
857671
871450
784046
500273
161488
679221
24417
167349
431823
114838
436673
564670
27486
923378
440937
340376
896369
346179
203607
127719
194341
668014
481760
467386
591847
227244
129277
522698
835977
914686
575513
265035
978083
900002
212844
862560
797752
6146
608187
456027
604179
706590
273066
733194
539116
284889
232584
654803
146803
13916
382403
434004
46486
336707
249300
273852
839626
357833
365755
653157
381824
813583
739299
350705
131606
857720
724177
428597
594135
267584
854636
591835
707914
180490
452439
220906
697024
972668
359764
162800
328521
36165
987370
522792
834022
997510
871604
227039
726314
290284
323905
305190
13100
216623
838478
387430
107355
179941
754566
476977
823730
294831
702043
904226
97097
330252
932186
837442
779333
157658
937262
708179
880702
802215
972497
367911
186290
728766
708493
615637
350362
433494
383174
608245
426399
275371
632541
871941
994717
988475
859022
763554
378631
958448
204900
387002
761200
168689
324589
700123
761263
561430
872732
343236
550142
475285
476264
565417
142165
600065
836786
850848
983584
138827
224382
645976
722873
145746
805353
529434
359418
36105
463227
247570
802935
480978
990754
795729
547973
261233
428871
600167
56843
145866
289280
298870
380140
184630
766569
88274
576997
384952
45656
412799
629621
876299
991569
559239
268297
677780
934212
569402
699370
846178
45418
8881
935880
571674
623311
613952
516076
566816
496427
711745
710461
728611
931395
92222
571416
412218
941459
638554
372640
910232
92028
431047
19961
349120
710165
339153
593655
25446
291692
918367
707104
807337
802430
120446
604891
329519
524229
515130
696599
762610
588856
502459
60946
299443
342897
866081
310545
794462
886666
23530
6473
903059
870579
635056
382652
974019
95489
164427
658624
775997
352015
591026
72036
24454
560694
923887
830995
419908
995916
723916
933665
274843
705431
363098
755463
248925
191185
868902
209219
848404
659386
119074
940788
883732
191206
494121
958475
749412
118350
958194
329649
241467
332243
529329
414341
589135
856669
321685
722531
321990
601173
776015
865799
355456
6582
619769
806460
114809
622777
473381
533441
467152
827638
598291
350469
947037
184109
951560
360788
542863
709077
984411
253269
226436
912157
690859
531746
739894
803853
660955
329457
289649
417294
424865
926320
201871
4582
822904
328486
215529
2107
424164
623101
197087
186826
93557
893549
673942
27833
911669
670078
388106
903330
315819
418426
868252
824469
129201
633201
485358
197089
809758
938422
511126
948341
484283
663162
890413
309456
111968
168279
444731
409231
36209
463076
141092
46654
869735
552839
828552
553923
609786
898453
622031
956017
654230
884159
901896
459956
240620
17193
556701
608732
903367
499257
163240
914589
48365
635205
534037
781688
478183
499505
436628
320649
700109
3298
31913
712463
827720
918442
675349
42312
250859
812430
43441
855880
866606
8358
35743
655732
720638
549778
872723
517100
517090
466265
600534
495205
72129
794930
427653
64016
597570
159219
287479
59967
980646
521826
194687
602080
728475
315166
219711
715707
815994
809766
877379
904655
215548
926741
81989
436018
554896
619113
505954
414962
609095
816445
180064
286369
126139
619429
2321
155857
84945
680178
838247
700488
313101
796357
842319
429278
412868
505061
40849
552524
624684
194510
404721
874989
623002
139626
310946
968230
961479
472517
436567
908439
536138
278652
865794
597565
616873
669699
723054
317796
522661
228511
10022
218478
493187
187560
604868
101113
116013
921050
377595
254255
841353
412536
622793
538212
451466
168236
295702
487232
615635
520140
995058
922869
148569
582118
580620
663499
511373
493797
99516
377815
56046
117604
284936
850687
125577
311458
554923
286110
600923
351007
362969
179218
659072
617986
51336
41486
322788
817792
126353
457458
953297
869700
498192
901148
572055
49678
822087
364973
130127
953542
457250
298503
330629
149147
730819
59752
217970
945949
823735
17286
84601
706901
588762
964106
973369
640414
684316
313484
172358
493028
155985
197314
504663
853383
983502
775125
48215
358952
351590
297259
963083
170014
886609
452426
65986
863761
190684
602988
491441
912629
855893
428133
918741
13684
181968
718466
696675
85831
970970
443579
117972
612488
723935
2095
161691
631625
194590
362989
881621
895377
526872
742716
161179
266627
984610
626763
648836
436909
955741
936357
303199
685360
11096
879851
238436
108124
505966
175461
843231
209871
661377
871281
214605
586048
754531
179873
357222
347136
26120
971273
306254
332964
46112
465362
388872
275392
778492
7707
866014
81658
392495
291247
654836
664367
153407
12582
558903
893704
278519
254704
671998
884569
894236
205635
543297
735954
543219
608416
469579
765875
685879
881990
478197
889716
802486
54303
749149
549148
312566
136115
388765
169936
745866
320926
965163
293632
453248
703057
427170
269781
882766
240227
347483
130545
798287
41829
153825
1066
971609
190592
1229
362434
783648
366089
524487
468654
362489
588216
397474
361393
663456
689839
701690
308291
697912
797635
613156
518390
721670
412582
965258
146051
687079
204571
55255
342582
615520
108685
852917
637615
286266
55427
9021
360449
288026
164771
878108
265395
68130
359322
346749
327729
79404
140571
184539
524205
116135
847821
991697
539026
97519
235006
353325
854081
652505
766778
384392
507905
899731
728
710574
570868
931181
113553
524874
626236
874287
943494
202576
31146
954093
292878
317553
312229
414278
687770
531215
564333
128109
858133
321402
982815
223673
601400
151750
744258
643097
722694
824218
259260
136408
815212
472833
217248
968712
473077
68140
44122
57937
328634
361090
693510
416249
457670
707555
423278
141591
853313
318631
393572
693458
930630
215019
857623
491814
384021
247
717648
443753
311591
647166
408218
2238
745644
158165
168587
465372
763347
995851
987375
713667
903916
480970
125159
554238
318310
419880
77556
216244
696477
443148
300135
682575
279164
837852
297993
445842
603350
137187
748675
494817
152163
515468
77483
169333
931857
613966
225668
971033
35357
723665
798883
42168
7070
478555
797884
293638
105719
295041
461490
262775
223921
894865
700999
442908
287598
1221
852321
927846
454274
870603
941637
812761
9917
696231
247551
237287
510905
837619
372865
901871
171630
25412
714484
693375
12876
616181
444518
743814
612700
667278
573667
690624
747143
862709
489120
440093
777346
831978
716691
955317
305169
564590
625848
414120
95617
552665
824598
387207
354164
836048
408738
237315
345594
658570
966500
168579
517517
121514
247325
692394
805244
981720
956147
223042
845251
682638
250747
381960
810574
334227
413936
430820
595260
111018
715191
486745
179529
573394
284968
824887
79658
711156
428291
62303
867970
977085
829317
951941
975722
952620
172379
53800
159281
648117
42478
959449
379852
668502
680548
114851
67201
220914
849662
461065
297814
797200
572159
215163
61780
792962
485253
913915
673405
906070
315830
216470
590431
467985
41224
228812
901212
995521
426577
185100
478738
671368
239163
935722
447703
765973
820574
389483
969881
66126
551555
106553
139894
696412
321275
642710
627505
435567
977322
140269
508385
766327
121445
265658
877672
41244
479077
915998
163966
180032
500902
926972
916954
475558
636185
326812
349506
131527
503038
266667
35343
936541
654548
721779
640155
715322
716552
509048
303514
927290
134240
880647
584227
708050
955490
237385
466921
265809
379634
693621
423951
207700
5971
525275
464472
235657
651413
199748
10812
668493
772694
910875
227796
527764
225722
579969
942352
872699
942447
514575
802333
977680
716831
827088
578602
867483
914760
794729
458035
597569
389414
952657
354550
809987
583389
639067
669531
986975
362173
949993
532942
404305
39881
314278
40845
826744
889443
339282
648558
425128
728817
513243
205833
479882
207714
779593
515003
340985
111183
216367
166472
805371
940513
847342
891786
390784
995717
672433
22132
935616
713808
10712
360364
815245
615684
462486
505318
181358
272666
356665
465241
135159
529973
539605
164199
940103
688099
358241
416854
387636
383362
304923
452785
31840
774899
893426
363985
23038
958282
144736
378538
465025
207171
380725
308862
706222
118639
765948
747045
928614
42996
524355
101203
11176
419492
549805
223336
382133
247699
205129
98351
675161
204608
684919
714335
986776
134006
518486
313257
695664
117594
46811
292101
760707
316154
435300
497305
873151
625549
260068
962468
843187
988318
996834
680298
532728
930919
613238
915195
41775
419268
994118
591482
626485
350153
354496
998953
21643
22423
426317
29893
646967
679885
750383
150552
417499
819806
775307
370819
940869
426517
709600
562365
298113
129103
599511
398026
781500
567435
188159
60134
938955
938763
635478
501381
467381
27321
964639
423542
619373
549379
858286
801555
896953
635279
429948
351372
444599
285783
829778
78962
216471
379911
607661
723673
409167
799585
332162
322721
307276
891494
855214
605976
617120
664628
211510
622143
751170
398523
456908
755393
816417
203511
476610
776292
64894
185560
624626
456618
344511
650057
411814
132930
91530
685633
736720
936874
553242
922728
949259
112227
220317
810599
168905
821069
56771
504855
770518
982838
964854
567380
313956
899913
923758
452106
543390
882301
34912
275549
884610
22985
498010
287933
829698
116842
942420
147917
106811
702338
505092
591815
235046
388841
238092
717493
963226
72797
3115
441864
140787
34426
803967
86687
743118
493270
923069
306022
146287
652875
332618
483537
887365
110453
638077
750650
464915
846986
848710
968998
658077
478293
936480
823870
122249
650598
510435
331873
95380
906311
409024
466007
672280
342087
798632
111682
449421
290371
949047
195640
362870
819349
769706
94222
841512
116655
189616
124093
26307
44899
607825
475399
738781
614933
150886
9914
58086
896821
478205
111467
204711
39328
13458
880563
775512
234899
439779
407185
967010
686830
435425
297545
972664
859522
994283
547441
212251
329220
913359
814195
547288
127155
721049
385192
187484
228675
647159
777391
435101
307310
112908
422715
580788
652617
194170
367486
103704
446951
65149
734078
753865
782028
262209
605537
843498
983537
608554
7768
511811
5030
590122
221955
660693
643699
756190
636276
640705
258655
951124
768538
543523
49645
317710
976656
144074
541422
719340
824107
966871
341294
424299
423188
498117
804551
714166
844089
949731
941049
342421
771422
605539
223727
581799
872697
560460
595621
768284
890231
258626
916075
901810
795357
428069
464951
864113
70165
650667
687510
406656
5180
51750
585601
69159
892015
431449
400020
848971
745908
887822
961858
618223
891299
861869
772019
518590
888907
177289
119778
387347
159403
822199
204938
20967
292092
475759
569564
225527
280403
2303
498228
375626
209694
330664
429042
26535
507932
495200
854777
79384
378522
151769
487643
822177
403363
161295
643349
722081
999484
883200
723166
972026
700938
978781
316249
793559
285634
792902
628662
428530
62121
230448
111564
995133
177949
379390
546768
142175
827009
356470
922412
966425
405282
126997
189116
491156
128374
314788
194572
277277
151261
715385
424425
844016
893102
8492
370038
699641
603495
196296
411669
581846
129160
688356
22319
501890
983167
855056
564255
306879
115970
118374
674816
388526
605211
750083
447764
113377
351919
938365
139378
621594
918434
635876
368149
528125
837654
771794
884996
612182
764938
599919
8046
465299
108958
926902
140416
317257
42055
923307
240380
345980
822835
598747
348757
23657
416942
311162
330490
457230
862035
312023
395263
285215
155072
663163
885319
881223
555707
202756
931205
570950
33356
234545
62861
119729
338416
580855
371528
299567
413148
76603
247341
897169
322021
638362
64029
691289
808313
989181
690027
837450
500174
708276
499377
742390
657404
414193
956593
482247
878213
836081
689887
218106
158907
806563
371416
639389
72994
75304
77322
386059
122753
983831
482101
494719
588667
615468
575351
29229
635002
760390
744126
586763
827800
686745
242234
260318
867461
416554
747633
667783
808693
925354
886669
307274
628759
258280
560576
563853
107155
27171
105853
265809
637607
202893
724685
877680
5936
27593
395465
142133
282280
131591
297734
333143
590267
299830
811588
115435
157901
415228
692109
946933
344603
267334
645984
144787
88395
104926
594903
106944
28500
444280
973717
705266
284023
684305
114989
26176
268644
707551
846026
813018
399799
2134
781828
44492
645129
264136
232825
664144
682699
537183
748028
157964
26136
389628
31456
510181
463641
835726
358682
151621
685272
412270
474158
963275
84063
176856
750114
340002
833740
503723
192276
787721
301327
922352
780165
198542
702215
32325
504001
899040
185525
569187
912462
391744
688684
464236
269309
978280
897751
966757
761985
911508
113766
981464
364127
585952
889342
253083
364733
541519
30768
870873
822391
880166
278418
39075
300730
385675
265685
951064
553835
314788
159354
292478
394014
802986
210074
983035
434312
360496
893435
344629
359575
918590
889669
663633
804875
755148
21183
615436
179497
154618
763
314539
303165
170714
366044
301348
417568
513948
558216
386179
876815
411354
75518
130214
120448
800174
438171
481227
977933
399418
899839
170882
282377
477505
904834
795883
149808
785447
528366
987518
104707
104240
155443
343183
744536
813745
968677
295854
88931
837942
157812
512568
977249
658712
887267
79319
2118
743770
245964
8319
52372
813007
159151
554088
230048
584675
724079
893728
596777
309426
532055
544854
419428
917510
891396
923053
135077
11507
904902
122243
958055
218053
638845
36727
711221
444877
526887
229217
951163
424765
205563
753417
632593
611826
646951
311675
206939
25062
297975
188484
722152
776613
585682
629287
894656
403067
562626
814490
199765
22706
328854
784380
950643
488416
85343
807008
125588
211289
310988
369160
41147
550956
439220
709932
486661
618707
534051
424245
387023
360489
266133
854281
932845
39108
143586
75247
929323
16856
216700
352906
124288
865475
141798
621757
930831
891829
674544
467656
740123
596411
898053
287140
390425
306186
388310
503586
880212
715149
544300
23006
517811
35782
239438
68785
192952
143206
40823
350532
813062
846962
359430
417161
27399
727296
278866
503979
342043
494408
613016
138601
423650
138334
626260
36176
970043
768278
507498
426394
500422
650795
176105
26580
872718
351413
18841
676282
551640
949984
780218
1839
678566
422979
721451
651887
579056
686174
665284
88699
598089
160924
184722
429983
553318
22760
632768
870038
45915
55222
633975
666707
140031
648801
892603
368813
810096
849143
932443
421306
239380
652408
721727
351820
90118
733365
988766
912613
317390
528677
707627
59949
360063
675375
923062
909028
874189
692229
405563
148108
993318
219221
702074
167812
16099
445011
623467
785699
872387
8425
985578
566167
574399
373858
921951
460203
391457
804050
669179
576630
761953
271555
509280
775060
976071
658434
596482
40976
495135
710288
887246
572592
163066
485544
958385
308500
326370
58982
225590
519781
436714
167309
336421
113496
855821
548640
754575
575723
729689
959493
399707
95544
657146
681752
443382
759126
270428
646556
356578
539747
258814
739047
142945
606109
468280
449272
196176
215563
116210
930766
319238
254589
86187
956248
517819
637297
479953
483903
738769
100447
177556
72427
785952
132543
14175
21000
360471
600300
788765
604895
455240
391992
489873
294749
634329
327864
856823
871012
947465
502227
887704
720686
166518
766204
836399
314610
634326
286977
588992
413671
366616
831802
27730
392540
244185
662234
100810
285357
877937
538877
885515
330723
259115
603345
548625
474398
432569
394428
762533
997206
697412
195359
552067
715614
64774
305975
186578
521848
173786
811788
802887
968793
844201
97338
448843
408340
472979
666724
251828
227399
677818
505141
550906
542716
523735
198326
695813
90776
587269
513663
727672
21211
909504
641758
561260
374233
636543
652010
485375
18228
440739
916676
943839
72971
640683
553997
907543
80369
400418
315620
718997
727126
353297
532754
472550
472079
388378
878125
294436
79731
855460
145113
734378
661498
786321
426904
364819
592062
700632
147320
144048
23268
231386
22408
41718
360029
173043
436943
616009
265104
606442
847820
775705
675682
817286
717062
831468
84277
632327
100910
519319
178449
450867
984605
329389
679268
46963
205125
838971
71036
631328
564440
873806
57605
910812
858840
513083
262948
562807
290269
134209
596795
679036
303941
371307
815015
773386
433451
127264
906331
381587
864986
231715
700322
268790
331941
274728
214359
649273
528320
781723
581794
349237
535825
33471
546632
377889
952415
642423
931375
61439
814602
321047
210465
570551
972289
327230
870888
994674
125806
129793
112114
453775
936252
718319
840786
789682
606973
456264
779544
812436
829351
438545
773737
757512
367032
356101
302689
146477
121288
672513
55819
491950
527670
407985
264534
659771
706537
970335
299808
378124
477813
827008
545633
905435
462858
3170
133000
779961
746250
178355
371121
548843
36362
287562
494031
567754
574567
223048
517483
340854
465224
921194
310795
878946
208366
831447
187300
451059
195932
889505
154207
374815
59211
497311
241405
631339
909269
783455
627071
651849
535812
133872
220333
730466
555436
84303
651430
537313
837105
206896
363422
425194
106246
13951
537447
752294
882460
690048
296359
955423
704857
205717
233599
415298
363249
546358
641682
807458
509543
728022
780362
525258
933837
766643
590121
441489
927758
268247
958880
789516
214868
755262
518439
868701
459305
583371
355947
261747
68827
259716
600531
749418
846398
827535
142261
399086
893564
843076
564444
323138
538987
716685
406724
298926
755019
766429
59726
54183
975376
392431
201074
983396
242727
196927
913655
689936
911874
48872
116589
36606
204045
709020
314861
275985
592433
636628
135775
698045
198296
17626
118902
143291
232006
112512
996746
635084
778377
453367
651839
680438
585767
82830
520851
442767
609187
409270
11538
765970
427241
460621
825063
868247
555938
752607
380686
990338
775767
453823
30297
382129
610792
671623
646149
901911
475930
122472
715402
701504
493772
243203
185467
426015
782515
533759
317725
741828
187365
353488
171608
91535
981255
231014
24876
556132
210577
267949
509073
881777
425340
759644
273775
1897
741076
102551
317009
125401
731858
978589
173183
63930
771021
763052
832640
886475
908901
516896
536942
351188
114232
324107
54047
907665
139816
327819
859379
97981
471693
80781
376458
972581
301348
821127
711361
549302
541301
203213
875456
862712
49690
987294
732812
609447
147324
147122
549908
220462
546143
361203
931832
588207
245372
107946
884689
897799
569472
312883
435878
177442
836716
602230
225006
490305
441230
697037
303619
443749
88835
716271
503931
250545
111553
567581
764049
764165
671988
70587
371869
941723
156210
682370
590202
367708
306125
526059
78818
40539
191348
560358
135210
318233
171863
499196
623521
421862
178192
357659
364161
150937
695614
80283
777852
53578
251951
991786
154909
696582
189785
927415
800017
940373
715832
862995
73409
409405
134720
39734
723745
395291
389560
650358
635585
653695
170152
902615
694875
449218
241128
77376
985552
151916
75559
880086
91940
810480
402867
171164
430517
89743
752564
927915
41522
740663
371867
565054
459983
899630
503303
191477
173031
208496
161234
213264
51450
596183
431891
815559
685727
611298
768117
507273
873631
396780
466969
748262
948038
775978
93233
96478
157920
687114
612401
844893
199214
602841
855671
130966
808100
505667
233952
590705
125596
710298
306688
843883
767739
949520
829758
800340
195668
769933
594788
706536
283548
787596
910382
699557
993999
544236
487990
159853
905315
626491
358675
235895
752721
475081
8284
49014
146103
265830
80916
25478
544717
700619
529587
592312
824007
941886
383211
563789
996371
739504
426346
458159
623142
977023
935561
232116
166394
45473
416062
502847
650978
306182
673282
803996
586375
650352
999736
538253
497930
939133
227326
279075
204082
993060
655830
166697
946587
907611
781475
27024
806581
357838
471493
510663
320333
420279
510382
470177
530635
768705
307327
810469
153539
617238
242985
240280
162043
380104
934886
981651
932969
825487
125912
802844
378503
49255
570134
451285
119858
826619
90375
983953
278695
790999
897944
727662
282325
145500
627552
152110
226662
70608
697426
830782
31836
665521
422068
273658
817311
93427
91599
708008
282068
925652
680447
607655
164056
479847
614147
846444
132915
948678
375744
688154
857038
596354
193046
562348
802500
447273
897739
619496
903401
660374
656573
552619
364607
965551
827041
948500
330291
304604
695550
978844
266255
470857
543161
481314
750390
237361
298373
444853
506367
724114
28466
930785
534044
914622
314338
920400
856549
341514
271467
105292
980121
723657
461241
311431
348948
550088
416103
344056
557188
563870
24874
461913
492964
179691
819433
587541
919225
558004
890472
401573
214532
611527
945369
479290
643818
268541
361255
575326
716470
785896
446013
150931
294032
220289
770906
541934
91449
322615
420320
155267
815864
976610
91971
297807
114061
257004
988375
603105
37323
147207
445795
743624
112216
227
908441
693704
404445
32625
499596
24985
649934
500785
685159
178461
242420
16585
766595
422511
814925
102352
749817
731343
607108
871629
131359
670877
131265
599016
199167
337674
251513
875700
373880
290850
579064
42113
628596
696588
527659
437569
607252
34001
51065
364349
654969
475246
862740
866123
641185
519258
83129
598067
811388
81757
78190
605213
349947
520992
315011
746757
319440
680768
9544
682109
772345
580944
434340
552008
975887
997070
7784
894374
395414
821780
610599
181738
88966
840695
981856
22892
138593
701243
211006
415504
235236
163164
628568
675665
336280
527689
62451
186346
44003
811497
206090
769786
87641
388090
926666
75500
161281
454248
503909
972502
942637
107272
999264
410831
43896
55919
755924
25716
711076
329310
936156
356388
138300
949426
682954
974
866598
989990
857821
24773
31492
392214
378809
882957
606144
686173
148353
231843
304065
962490
373549
12465
702201
44569
576580
649264
180126
815359
963429
458368
541427
693977
162983
396459
724512
260683
712606
787900
956021
429587
719475
567014
128771
857280
100344
324387
973839
35790
474066
503196
957306
651396
183936
323869
932774
852551
601297
979565
48031
226636
441207
441237
764053
772870
860576
926579
434648
568267
506784
544599
14157
500067
416440
569612
880119
980424
18376
245414
974704
674857
817130
332469
791526
907142
799274
398841
735468
536845
756997
295657
122352
671588
686571
266060
781542
584840
929860
157180
487703
816324
57603
875837
977510
235811
455335
926603
783609
920224
935413
963705
574229
929887
670332
981279
390944
82152
11354
869365
875834
852340
244117
889903
560893
785347
204065
850220
125278
20701
772751
208384
581433
544911
629297
11251
341146
319732
970739
249873
40587
998815
532634
567371
268588
593122
986056
310192
465958
329331
896561
669471
620885
547885
946654
889333
690832
39290
375773
136337
611471
953974
188806
249349
166072
52585
517452
596716
823692
618062
79394
794541
454807
584762
806837
183367
313745
438102
161679
306126
333674
543163
246863
728011
760499
567070
24375
467887
535247
788693
835326
766202
32193
546996
394583
442390
617879
379120
289521
356334
740732
239145
137974
772455
543602
864205
183269
243286
289516
995180
556550
595765
420314
643081
462670
700272
194366
904397
804377
906201
48642
992303
300039
809191
223205
979809
95720
970590
754092
15972
845414
940569
689744
12685
990199
591800
831627
969053
857896
124349
605454
606887
290978
806269
49378
837831
252988
682836
661189
418432
744166
79480
895743
974823
610592
124591
247011
908141
444344
370878
805016
223728
411892
321002
9883
202706
223024
596223
476522
864182
660949
104219
792233
302790
826558
830754
150889
142269
804510
679293
643823
829609
968802
846909
97692
64827
337932
451955
659150
907822
213839
239764
508018
782721
213205
311850
646948
692598
131215
340120
346064
253091
142988
724935
935136
670127
522911
574660
183367
886098
907446
846758
948960
66599
205801
687111
537783
167849
639468
466478
553683
695755
470563
601234
766639
277384
56675
587531
877394
537008
176370
120863
970369
110600
783066
359791
5048
345210
253115
417811
165873
294483
483037
767538
310732
696067
751471
926578
168224
347694
526205
583100
311283
768080
561935
626351
157387
770787
796715
324455
832945
232187
77173
231759
667403
559428
529055
540590
27590
139499
548423
257692
157287
351871
77061
697069
236344
542878
545929
376644
637422
939646
279379
506135
782304
37175
220844
398157
4273
180925
573755
813936
293603
519658
930661
264655
383429
523961
628382
298837
505576
263110
709156
218013
703214
835571
231538
95064
132395
814919
312057
557854
860659
875279
89608
269446
881426
999377
807792
993190
188018
763337
697842
944176
836968
222366
914930
123022
119284
560912
222695
589911
972625
735178
829237
90669
803515
135859
439738
582295
806516
746113
631308
933130
438357
831129
469123
106127
57458
693533
838079
742080
482926
12847
521970
865888
843634
264488
623042
643944
517800
988586
28774
465394
291734
440759
979972
29004
10088
958165
508665
169871
920341
53276
479070
550713
68454
860210
165160
709879
14373
586271
726428
916651
162218
772821
500229
566559
617851
324316
30511
874054
36462
176582
144014
685667
234099
768274
145726
38275
310651
598114
34348
97534
213381
287276
291175
136790
19612
565263
122858
579820
437681
831095
826535
901230
241045
557974
57621
518656
186345
178615
452277
385349
966129
632589
8454
847482
298128
723782
91891
85581
746167
592460
924328
525080
130093
718748
835754
86385
785406
753087
927214
184527
564695
43603
999360
719435
719929
734137
76352
17514
136303
968022
57764
200525
707886
742735
923790
466055
414604
669484
526081
529575
728463
147818
54719
229838
929274
557886
557514
999788
63688
429489
234100
112169
226770
853982
830402
29536
882151
74672
170902
817629
998858
870842
479722
244154
339526
285008
319642
12735
387894
326366
120701
70085
726368
265852
597976
763158
518993
72812
838235
2575
431239
706695
980006
974558
474890
520897
276074
923144
736433
859128
864434
429075
869968
595006
412016
660217
156214
262448
323592
328341
782384
804849
647257
733976
231188
854130
140531
256697
852865
112946
760601
266292
890537
460818
879227
319283
219941
471073
146112
782934
418489
279426
996720
201212
388935
484370
181268
664271
545466
872734
965366
359557
251788
662775
813184
549956
697057
335027
270483
631334
422004
125734
245319
49993
325437
353880
353421
270332
94635
602530
303188
809147
891308
405036
782680
627300
851310
678009
297595
979454
281427
391480
419728
940940
540803
177970
181565
725748
449502
754200
231718
223647
386943
199836
633687
549022
4558
370432
855218
946803
64186
706729
212803
196059
401803
515585
713356
386048
448279
110199
546689
217170
36307
53730
392401
518407
160060
424587
348269
855587
348703
850163
47605
703583
903439
508013
546984
765811
522990
446284
698353
653708
163196
440375
261784
291609
637512
762531
316612
928246
568936
452688
84366
995770
991909
24158
221462
368688
762646
125393
603573
877950
624412
863008
240457
583252
965319
196347
9801
950676
499080
36785
506136
653037
59019
198248
78092
161712
435287
590876
750302
193245
105341
584261
408231
403516
627580
787746
79273
994415
252438
188621
627898
494714
311226
622888
423193
406627
101096
61149
163710
975902
977976
89541
717452
950367
740490
751835
60111
14810
36311
998913
453260
405711
818837
122450
491906
944769
247395
147459
448666
804717
205300
244476
404458
683659
409283
303756
650183
576176
20543
692021
531418
865677
883832
571501
533757
998478
125965
800899
520792
633395
65577
942682
166475
383487
750790
409869
732987
922804
697882
490711
189281
147123
750713
768227
302786
279442
518251
806133
392672
899868
506103
250092
201969
243381
661833
398463
602168
562938
527632
423662
951034
358111
275282
449985
612961
715340
582447
273598
533071
257999
842706
558708
695398
868465
268383
869570
81241
261426
213828
552834
422344
828189
195065
518258
745668
350299
935624
855245
16453
268396
964103
551817
52427
681679
198502
525880
322313
462856
76543
615098
555625
987307
389287
820942
741320
370143
193985
749198
777124
683462
534401
216137
644554
156872
887123
622322
129301
141678
762594
825913
730512
567325
176277
65947
130811
954386
617148
713344
693539
507359
248450
474133
170268
515314
923489
4479
227056
63488
992816
831755
261950
330454
389282
102236
289639
486966
46329
417233
447753
434833
997540
668204
377414
415910
766304
906454
86016
576458
875777
378843
553034
664465
367260
920411
527766
383785
329936
610892
176008
757116
948622
725506
351797
827098
688149
188069
42603
437266
165298
736900
577753
59904
938426
841105
948733
17709
453423
340154
620848
962795
467641
80516
139177
524254
560660
625296
161048
87782
849005
361040
895735
59262
116401
943013
896509
846744
422385
165260
700703
309319
490960
710878
460648
190249
476841
474826
35353
762085
217189
668104
981302
573262
229513
352831
419610
801082
845991
763738
626932
290238
561790
94717
734108
19987
751106
283361
813497
286713
746115
919648
972388
198017
702833
782154
313828
79185
680784
811449
729368
785446
505191
893542
698123
173856
266669
404013
554246
736155
849736
240076
764063
185328
567303
606438
739729
163496
799112
137210
397226
556902
754607
390146
995623
789007
610402
162503
181158
179286
706433
466696
581439
222557
569808
329596
92371
932466
585730
33003
91756
18660
591264
502244
152586
675700
487089
656181
91857
768975
119116
332465
971028
897191
350859
741362
200950
872097
146088
428520
405195
489082
350044
73718
599476
649622
292673
708098
621145
583565
646062
145371
923800
662156
838077
778644
579069
278486
207851
253794
821736
875437