707046
839813
442161
507951
53362
918622
192206
751720
816725
166964
577552
813034
60119
731118
413272
876090
930525
292399
58022
398506
529802
820585
527382
933987
356171
814891
157142
306613
640362
141981
146630
332595
6569
223546
628898
884192
95365
602581
124580
410063
912218
870189
345692
157684
953359
264701
599637
327685
372375
820205
447293
8947
389691
688133
315282
734128
693239
38862
539065
965884
833985
448564
278451
274089
237112
353675
808121
621726
497356
926790
129515
526712
901036
401345
145934
762952
748305
283515
249664
184029
375472
764773
378894
760818
187559
678002
996174
203866
998458
527557
402702
443754
878010
19514
831935
858404
712216
276242
810536
102269