381122
72047
97728
133908
845866
309750
305968
722133
122182
991714
514416
563808
713983
999506
754605
144736
35419
153941
419293
369321
356018
375178
156042
902492
867169
652868
525017
729708
557765
855276
327620
559691
907924
223303
143354
969763
528911
680519
35769
240416
419982
520209
481354
272843
738635
585473
829289
788651
691630
971091
575616
113566
110957
440824
359422
720391
939168
887752
581031
692350
925990
626693
400907
592827
896661
711579
545579
673702
619832
953842
857191
623107
617637
691740
648511
333042
526489
794446
776136
508004
946955
78905
775425
963903
305702
473579
936506
913146
204708
653993
395898
750604
571815
148401
211810
755425
935213
263821
263325
735646
617471
109003
208558
290345
175971
636729
147554
48784
108050
955303
36378
672566
513492
227571
770929
61513
889009
755049
584610
938296
51660
167153
340653
235415
446307
837680
179899
568240
278230
175730
258717
230304
175579
196679
197478
754199
433431
45551
653544
362929
634423
922014
641041
457586
713875
364221
583807
406593
153152
206937
295383
46477
809795
906643
623700
256316
204981
169116
257825
311497
56188
757499
860817
351396
665946
923025
753112
227263
363990
537378
339066
52593
709364
681382
988753
174923
290571
535702
527069
984022
400580
892587
431138
609943
41943
271737
497181
949748
467919
188245
906270
626095
177317
109084
90616
830393
683158
452244
586825
424066
16901
644025
885379
860191
466826
357189
168350
349880
589505
833848
55516
907337
858151
835375
843058
297405
83222
369981
765526
570413
145895
423726
858072
97693
768399
354602
332756
951536
506027
50111
706587
561780
533040
805908
626213
942208
463931
855025
347831
689384
690712
792907
730023
91105
91520
276584
649482
844485
537773
409923
514221
398166
487106
177195
285659
670318
321831
590763
1413
759626
639225
489426
373440
524465
144836
153604
156605
249494
298888
970662
772415
466298
778043
911769
70564
156121
854652
893384
562992
812900
281399
379136
609931
900362
870379
327663
555866
576789
684837
228080
901227
329206
699206
693281
139386
774414
585753
668083
795187
998891
182293
413292
408708
874136
877356
75050
149590
951732
120388
584825
632462
518528
648912
926744
219082
130440
279973
698097
670254
357408
85592
989796
764619
533125
257998
600610
45312
394319
260534
549727
316802
471744
646865
647282
914496
10656
79608
611961
618918
645150
887448
704448
835750
375294
62653
573017
646677
670231
351667
68641
88016
224437
835248
980351
373663
900180
323225
376310
655454
541691
985571
310232
13872
915978
758775
144346
459131
808965
618906
1473
466537
55939
124066
799325
679687
839046
446093
334413
846864
442251
707944
12400
115145
732801
887608
701377
933810
923388
869835
382366
902797
490398
655328
883077
942391
110096
225929
152710
978504
983662
216124
55231
275926
30484
943377
292684
985649
2617
211659
917000
266171
935175
106193
583509
500075
93844
235138
61333
307673
472276
711668
385557
296007
42310
277638
771133
970949
781181
763813
303745
713041
207410
371939
756403
425676
990895
126064
321695
199089
920821
307094
785725
57599
876636
287572
390469
75774
268381
617603
521456
921449
335565
377460
376029
35941
337180
300560
332907
461006
634684
412903
291587
569822
742347
207291
56407
439898
659317
872843
14874
43918
610196
801890
549943
296296
216011
593246
672539
683214
524075
251210
806084
701970
423243
467134
990663
591305
262632
399949
379558
886272
680694
768516
329161
800782
194802
131237
614388
761812
957227
93736
796798
148239
11234
72917
208980
361357
599672
217494
630588
991479
760165
600728
813430
676414
522313
206131
475972
80333
527450
518366
74394
136968
635225
470090
337281
557550
837491
283759
34031
291371
510680
612749
117230
235248
152348
443827
60296
25645
346503
493168
164493
941188
325162
604812
700493
8717
799220
316567
618678
211160
55589
261825
271962
7100
839316
490487
620154
501748
980901
633472
423647
154067
138623
913361
901428
844052
636157
716324
429859
202454
362588
706699
318419
869107
914771
487456
840687
366167
215700
437824
481349
21665
438421
155845
404291
726069
788112
889591
919809
574292
580784
620191
193458
308217
327146
807712
499232
396944
229324
393911
993457
444970
28144
774482
896199
740656
861912
591347
694040
384792
688625
958325
31159
865515
858140
432178
955577
815691
516554
775394
573832
568922
357490
547000
545092
27725
390537
803217
257872
199114
967841
379218
118431
247476
485477
169730
94735
877288
748171
815969
354376
866909
570021
130413
574930
916442
217720
108879
875026
241879
751872
38538
216423
556846
229966
631214
538282
428355
100460
336553
58946
786056
147136
994009
289980
988286
418427
220785
287928
946849
703449
840725
721664
472032
366971
782633
33071
47126
775123
898749
433959
976209
612924
274398
795132
273659
424708
400251
563432
120402
832698
798270
650209
78871
386299
650751
872608
280323
346923
564903
794742
891887
671353
24901
680569
448268
167231
891053
589752
291730
924794
843692
149637
649671
150167
902742
99770
33144
378590
795758
284196
682206
148960
742629
732472
903683
229837
24198
33870
768505
757778
814597
710840
684256
382115
637813
579623
519624
795062
796956
835447
597676
999710
808772
786736
744186
761504
859243
848366
416870
792691
687792
169152
803989
523028
984905
151201
882689
258091
87843
365964
912307
732510
582387
983311
260251
30828
340293
51943
888529
294807
292304
610688
190410
969239
273902
817426
830011
352833
461304
458749
333168
809175
627763
398031
553197
685200
168900
781633
869865
922478
26271
686330
723488
521090
950021
960886
989764
263694
629824
159286
407574
63058
951911
820167
42342
896234
375528
592323
305551
917632
110888
48081
633560
927023
674507
505826
339054
242311
102668
247394
873084
520558
537171
81903
200949
954274
516016
907562
900225
332821
159180
789436
249254
424832
604596
864220
672145
127638
678881
133058
105578
698638
766110
338703
919354
917664
443939
415314
488854
678544
987942
427066
483074
91927
580428
810149
196459
543897
10313
539045
751815
651499
572716
374702
337576
921643
29077
427507
318215
485948
553863
637257
999507
915203
662942
450924
643804
999710
229943
181456
152469
118474
367665
831962
556090
41252
946651
276401
536462
202864
604681
537791
22977
133897
735886
882711
353978
30244
745395
66244
231670
605280
911166
28255
471846
248808
932219
515281
507014
594419
865948
649365
753085
122200
303355
602642
983058
697129
493453
965765
950068
398616
251771
970591
257031
450536
320081
556904
185801
692804
789255
420399
619355
531754
603732
200153
260469
345286
482535
208868
637163
998964
726190
395147
595108
558032
167482
190618
657864
499369
475259
524998
729467
302932
394085
799659
596115
117725
125389
760024
297312
881055
199918
31906
148224
224927
685047
393823
443407
171391
298326
80151
68129
394139
792195
689604
141976
863596
719768
139083
873922
679535
997062
642291
679368
493486
273130
980051
671539
661450
798325
891319
777323
487934
868168
26261
308971
891422
718084
699309
986615
368347
770412
551660
535306
189137
660219
655854
16318
735361
843354
649515
930147
411017
803510
962364
317496
307191
17240
943579
795010
885002
423450
569909
424395
171091
122450
410677
361076
467601
120018
680862
298436
246147
104003
813109
537282
40959
620303
498765
349477
44667
34535
911617
656179
178197
854647
779148
382411
210384
280601
208273
928484
521405
574066
368660
299137
891001
183038
23121
130712
39076
794438
244400
600681
531432
866431
151231
727997
689014
941837
794538
718782
979699
146605
380365
646224
678426
887084
431577
563936
128168
666274
812863
800064
230092
670758
872844
975968
830566
542674
874848
468016
858435
245343
705301
885354
225803
786217
87837
680301
462125
999233
288025
939241
391222
789507
691713
673426
752728
691223
81163
496522
872873
382268
676337
852270
505373
237448
149998
32093
817709
440315
599642
556248
396388
210858
461380
608422
540823
769936
520995
930780
415890
532964
366447
597940
244454
441462
490373
60815
728257
754359
932842
345353
407160
812470
623120
527277
56313
822029
495514
894074
524195
564251
803966
817312
380567
256639
285730
921430
329837
537793
968055
247402
528786
80168
414281
931430
540712
524652
563862
956256
474708
516242
817123
671862
801821
226965
637725
584011
59525
616406
573387
186016
704709
321455
618909
988979
553466
491969
750987
531838
112593
936129
2628
405121
299844
603329
211121
18482
11150
879124
996769
937873
547772
609584
104296
113984
766541
363294
390757
328504
775280
924788
527554
633118
85759
131956
871607
820149
357410
245992
901769
700355
801046
922074
591598
627778
542604
315291
630657
784700
495900
958754
688807
563101
690274
508039
743373
74816
616480
220404
225469
346137
960206
921738
391565
492502
268301
748079
74971
712707
657564
923699
195095
990662
494378
869489
543439
539467
683304
809186
289512
130951
363375
667362
292599
649749
293448
30226
537858
242653
834367
827324
887083
307384
286558
462907
508203
44863
213490
931965
474584
666511
490472
619220
748390
814747
15194
785584
646572
742547
921797
140645
175808
369873
630682
36880
630065
379477
632278
793652
380826
544675
112523
945842
166391
920743
482883
855320
471352
35163
148004
517068
657026
142744
6048
488744
187491
105539
449896
726593
256036
709231
469549
758493
603154
299532
362255
213906
336553
907676
512930
926341
295014
661625
810554
102814
652657
458946
844717
38079
675072
370347
696249
981056
678022
20279
468357
62300
389386
572435
831363
420983
149963
130275
262617
311583
410366
738065
291024
24153
851756
771355
970685
927208
686499
360472
446881
413136
531415
733811
197045
803852
348175
34568
173649
336118
391177
487620
768503
849443
906881
528200
119236
225101
445347
634697
75383
299250
548244
718741
910326
405713
689701
312636
987050
183553
301347
825969
589792
830227
720415
84468
835622
59582
139560
710146
135464
445132
31269
910141
153185
763508
1815
39866
685319
888443
143614
242381
523657
498653
414194
707293
787528
30592
285097
257780
407777
241674
242111
984938
486679
165877
802932
860370
786942
731025
716390
172986
692032
917206
536850
596884
427977
312625
696231
205298
969963
156636
119447
276162
928305
841695
198209
581587
749140
248369
409952
472689
582027
379503
574467
432486
956659
360993
368869
900379
944734
780204
961313
537406
470840
335704
10975
491140
375260
287018
839513
839092
122057
11003
913044
738116
349178
339814
774996
371075
546247
407152
8466
510809
116209
362501
242076
346899
908277
758155
149027
200284
439486
58376
754326
121784
621611
474499
135493
337703
803840
284542
760765
988060
791121
171184
520700
453680
294888
465751
952180
549335
355299
258099
165219
332328
555198
295579
768952
118824
762437
576726
369755
419950
175195
150343
226877
606013
719482
148016
824233
627013
782129
600616
918652
215799
816643
673395
968334
745289
359033
119311
92718
484027
188975
127762
563118
353133
459430
542095
841969
738352
628659
717370
900438
651928
550809
201557
703675
95333
87868
893373
37044
482119
418760
332884
762716
840698
81496
384019
261817
427427
422414
352802
439016
230749
407801
514748
911522
851585
57900
629094
106766
348835
703341
144398
790077
562326
644252
363852
369871
614637
336679
264049
920471
322736
796553
89664
941419
321292
976514
313477
14388
74570
499621
600965
438983
358809
81113
9858
918919
193306
211084
208626
223456
30574
411635
593547
250156
135866
685168
787152
150939
717301
343288
74663
874468
431123
478273
312097
930047
817371
144740
349147
962158
348141
104932
417770
252272
413347
903615
954753
628973
113663
919398
990959
838987
225613
162242
468013
436484
258770
430152
818401
42006
942068
711859
300986
82062
367151
610928
651973
348874
714292
362228
159467
896993
923850
750502
101098
823639
48790
23895
956910
89348
403887
697414
156300
151287
908158
182925
291219
40862
281991
132807
737207
338851
721949
790088
983009
223855
770227
956909
135643
988969
15243
221316
350184
195534
509210
382853
236310
147734
707509
98361
383227
461568
861599
274036
140180
523313
740363
990109
707468
389279
805295
437143
731947
874637
924008
793683
745016
698123
524113
343632
23341
35552
484852
102168
938965
443338
585436
488960
225310
192639
308339
768388
812892
592989
10020
166511
55751
437595
895365
222802
770861
714565
739637
486718
131499
459849
462738
734506
712889
815895
382499
3579
372942
930742
52216
64792
723706
501554
237234
648179
789136
230393
1945
884037
106702
215460
277575
523768
779799
591159
102498
280163
787919
86337
603045
621179
438207
736393
340906
226073
589284
197862
385735
754044
248194
643866
520685
646084
278300
333197
872669
946781
866018
762047
773172
967313
209646
976135
780718
760611
155152
730042
285119
18360
793873
620139
555929
266371
459737
336466
294939
512473
690737
725042
872513
925620
702164
94376
732467
597398
689296
115134
654431
555232
283749
109250
430919
154452
383944
112683
854322
176821
825728
413682
111467
395512
502776
389811
798992
165565
79539
561185
757789
591552
596054
102344
515386
148296
328255
659690
187970
860132
267384
325193
790262
979417
798969
936619
534516
206989
649602
108839
80753
98094
909043
131510
296387
320348
784678
403166
19018
278752
417287
281556
656444
207143
493151
10138
39771
60740
29947
732280
835107
590447
78366
469034
417474
620151
873952
771073
665024
484977
801777
881045
198896
782112
710332
290985
220439
543148
702944
617911
736316
384308
35606
332971
7654
625209
296886
266454
565348
914275
99150
40267
408788
392246
471838
975513
716405
778513
421852
85874
372364
463240
112461
835887
940559
50069
519652
718202
855658
424850
80947
730119
401748
87681
268747
121496
490467
779953
401564
46918
134646
512011
899430
815439
33359
951515
345833
594828
507894
149498
837051
202974
669472
596963
186435
764141
197273
605413
228277
94004
968824
181047
132224
971515
842714
119623
913441
508068
934621
391425
816542
554440
533608
937376
303864
373755
92628
117971
5155
803812
830884
685234
663168
111329
724763
485744
804212
748082
984181
51086
278992
165888
271473
504544
946870
910678
612435
335066
610011
482980
207641
188230
247319
616252
798410
846765
287513
84495
470674
577684
510187
398918
901092
653093
305751
620686
684509
703387
794840
42907
74927
862098
851803
444034
477098
942351
163711
366090
311512
227271
647646
383110
509027
586630
90091
838011
526727
861991
365255
991406
910118
592741
696524
625482
960589
881460
173032
306855
324218
207231
448491
343729
668361
111182
708693
268106
256470
826820
351479
614294
117057
874098
148908
721947
560872
231374
235042
551793
719842
394101
841096
714367
461365
798318
246958
310983
254766
132338
622304
142370
252281
198072
913435
115733
103814
292708
5702
1810
546007
630822
881865
664366
858648
593756
14670
29056
568662
495261
990812
357523
204025
960077
485056
51392
124479
346093
564720
26164
513129
584587
370190
21171
11898
980097
170255
846326
7239
672345
189916
354218
681282
791017
150019
847430
530672
386167
141049
749806
5760
619730
142477
89288
882337
142342
566194
728309
755245
229545
194475
421267
935092
994446
87943
674073
101289
221628
22615
273479
556430
135818
984529
797363
178384
561855
433124
28266
807971
210385
376363
878165
250920
867171
761437
715389
560972
474141
831509
766876
842525
61810
335703
862259
409929
710522
787503
600514
581555
463904
950188
774396
400739
333122
481991
619686
580709
885080
962768
420180
892918
268193
294551
679017
865445
121278
94631
582828
776114
195307
47578
665546
62352
465104
37081
667665
525675
618951
10686
232848
905903
199084
410382
729679
288241
215263
315266
981065
65473
930286
456487
459496
35585
552235
826318
677382
739588
281991
574868
575819
153337
274001
270603
750511
435729
782338
539823
70919
629137
888919
305243
807149
717358
899616
267149
284690
229048
231556
971336
633767
605748
729589
729632
777157
325276
939334
899327
995229
262554
300675
480312
70065
212214
823655
893011
392313
275274
107131
327781
36244
524397
860176
614983
378862
996830
525345
768515
290044
252214
197231
837328
712881
990267
97873
983296
662637
928629
252198
663913
232854
720109
209446
216888
926923
587255
251772
323731
172270
275081
999930
524691
69027
44002
841527
959732
707758
529483
310970
302107
251946
464410
958401
718333
116820
410559
652562
782820
553888
372455
2751
190477
851295
879505
515785
287167
435684
752699
300093
878369
300028
873753
75388
998773
881713
359998
19700
30748
203093
780407
545616
279947
657348
577321
343960
524428
338735
356759
413591
133397
519018
757872
742565
39349
947644
322061
673241
740898
316388
779306
71578
619538
492925
431816
702879
448497
276798
761278
649930
941411
561342
972589
802677
583829
549761
77343
35022
882201
344532
82888
854308
586296
575394
682182
506283
284994
186793
763740
632371
955460
857598
185152
757592
689190
430453
433563
965662
210419
275199
951617
424690
528994
777439
208817
917634
87861
392549
114459
151017
632931
450184
128792
952986
894732
130685
343118
634336
986534
908735
381531
164772
42060
62220
835685
903424
578963
668023
915731
853958
751476
948446
932676
818774
598137
817927
754075
583033
305894
168783
156404
445141
29796
363943
103601
473684
37499
374395
210257
827745
548507
125198
757840
279598
336592
921436
260301
73992
611987
822392
630331
430890
64663
101974
635805
633384
762758
386592
263414
607888
364476
849120
131280
19422
377904
614086
154297
855301
345576
152748
752668
842841
72979
88162
845380
159496
650485
606609
982491
10113
696223
738056
850595
567637
318292
11221
252663
54145
328551
331039
480113
662793
208764
106197
625174
217019
88151
211613
143806
716577
743396
71399
318325
566447
566110
877721
755704
387171
676874
619806
913358
141405
687187
166259
395033
910133
114004
819310
304560
82385
334762
315841
121762
151340
841334
453996
836828
589672
842540
27142
496553
350678
174967
981956
990609
853825
936500
498804
599162
287122
282280
194227
552126
129926
932218
330278
415663
679269
395404
944497
81800
562565
478972
324060
847157
49906
820449
322097
225871
951871
395691
193171
118406
433013
119448
807898
302576
485071
138228
712549
601542
30696
884227
915796
506139
2245
541024
630547
72159
473615
723893
934941
195910
187113
471684
298320
31612
51269
354475
582973
11638
219194
307847
83306
756992
896282
400041
759999
595623
295958
252183
764434
32658
483809
490846
118564
148443
856737
46124
222444
893109
960957
342546
911667
177720
18959
620364
209631
217608
108700
509779
971713
611288
874235
278947
651545
597244
972379
285915
742884
825957
590921
420826
824095
982975
174352
692109
475415
602985
780129
356758
603254
884849
132669
855808
362910
765731
145082
854582
270934
384199
719287
158619
596715
197057
945672
322180
963850
520321
187983
304539
887927
461561
888936
261001
819677
393095
930131
103206
953655
499093
560031
241116
916129
71410
561488
543514
391761
982654
493000
906527
253516
854452
656470
416752
395625
294043
964473
230826
828475
950748
459163
142416
25041
513044
64010
692303
946002
141568
457482
511045
322972
952756
681184
794534
4918
333982
20318
566972
622524
590059
240955
620944
359160
513806
931306
463477
720740
275548
171826
799330
338085
476275
363556
455992
75044
775781
359069
868611
480518
256717
632650
218999
232127
166692
389592
328656
91184
198491
294721
448272
909940
279701
566698
255226
856067
366094
251852
143141
601554
650077
654065
353856
19958
981498
538416
957871
461175
436473
410278
764127
479191
889005
220113
268565
523413
477711
846690
200347
524576
455685
861243
48868
137153
551102
961825
762263
512200
840156
306928
683306
288798
697690
790893
723158
263570
186834
127011
822343
828174
293066
727113
285020
181030
593251
185246
697216
521834
636968
109780
127150
345792
565850
65306
991947
233933
633189
494810
386049
578077
594653
756045
352011
377944
663722
118365
869292
749039
285272
862952
945765
871571
5181
302165
318689
553408
292038
30954
430228
321549
52078
613634
603219
738273
248929
923720
384557
551571
339427
861479
652043
767324
121169
55229
260768
526707
696818
633893
174246
440
363082
332084
905588
449974
930640
133833
944804
770271
422063
689853
571175
442043
614306
167476
216529
690211
247220
691663
287542
859320
162031
90120
307810
455767
51560
32657
680728
433252
731916
981512
931939
499532
521738
437687
708262
557880
468356
392455
426262
857362
793747
776238
984990
295749
858913
217883
666436
545150
898552
233780
910604
730357
58342
246192
886296
652250
155673
767795
462490
117765
886192
836830
519956
989875
945279
563957
786380
806594
921793
190680
896081
651321
399976
648982
76464
535730
981965
715592
158382
834733
469360
355899
658954
108368
620841
75338
614368
298102
489475
839411
35533
710417
928297
76081
510586
447243
658687
56250
422581
602702
32960
276366
673742
166207
25873
825345
63329
936164
310382
394453
655672
410928
609646
119670
718539
471098
745705
678302
630586
150750
33367
27699
365681
651251
273444
979370
795171
572449
859456
20489
825364
136718
483590
251882
745168
880649
926393
485574
186985
893131
553262
400302
50025
848302
460720
219786
582664
47287
555550
468805
317919
691036
121621
733252
611827
678265
409709
441473
547729
72122
981967
907691
4238
450876
276056
175010
862462
119443
219317
122407
985380
902961
252595
118187
101393
498557
98218
588611
668728
408198
555373
470485
365717
697044
40222
280040
195328
932673
451416
37411
911353
898565
235815
403892
40780
728403
752666
173860
328879
240436
606116
426354
957291
328080
742790
685070
908196
426056
703192
804834
524079
8871
602125
177627
222310
518495
364607
960024
373746
246150
909126
131887
37989
363774
93556
756291
739897
590803
946683
602293
32951
531184
847010
207607
287817
960215
333381
271190
604307
428234
81686
831126
218716
349463
946504
664445
435337
370900
460023
526623
609994
550724
400951
884130
509054
168216
75799
699621
79777
188520
669872
527969
923947
464332
327162
882718
262132
968062
521460
535152
155931
413766
298336
247008
225091
528319
913778
144266
318602
721853
662887
223846
235860
327249
906251
383071
377152
742089
980184
898194
155810
895965
525048
973272
384269
947415
78889
180988
947159
303684
961422
733323
693217
785807
827320
759238
806765
354102
430038
191588
100697
325761
501765
511442
857391
402828
36686
696356
859705
998053
527225
415098
548290
150893
579304
261215
295431
795150
822832
964743
727982
698263
300498
773714
978849
538651
340440
511801
265020
150011
521893
397212
264351
801604
149328
314020
194156
574338
799834
647976
667240
620372
923014
319725
748752
912705
983896
805560
694048
584554
242119
866217
952253
272078
735827
199990
613569
503961
687699
882240
940319
11343
679857
620219
237566
617039
291365
692659
608790
11783
68323
713334
997494
751836
12363
264783
655860
418994
951169
529872
193685
857402
679565
12702
830072
445991
455089
786050
626244
330809
135922
385575
11042
191826
91911
717708
248780
161845
573545
860543
715281
456028
841890
291561
896134
379483
716440
696771
360493
451019
421054
141666
738737
964050
198727
633737
946457
673821
554359
790450
994418
79577
498640
11186
489619
870965
170128
584616
68604
581841
466292
811779
157845
376861
848504
304998
975494
972916
203856
608560
846709
272569
394439
495616
339224
167560
630316
785398
148407
967901
231927
146901
882715
848394
519507
380864
622583
72999
418417
441548
225550
584676
401129
924051
726913
469795
855910
766445
740328
989295
64789
857544
890361
682246
118206
678152
787152
499918
115267
662102
755007
378585
263426
585897
192397
403497
62098
897054
589442
113228
432982
999485
141571
408044
822220
569835
826785
76371
16238
2848
461251
15064
330199
602413
322360
323499
89887
563245
965576
173058
297788
142806
238080
46456
500150
482243
899833
643049
482716
20376
195810
959421
922020
784316
292777
596515
940057
750778
913749
117663
726023
501034
163240
698620
318991
141012
525939
589721
603049
346831
138200
831023
6220
672872
952050
896616
52279
55034
463104
366564
550203
197123
252131
85820
303245
835733
775099
898928
485274
408824
623319
440917
834037
674042
458694
320732
329210
277581
217280
796342
557020
990602
619286
712391
783625
247782
421370
670569
550349
577601
80897
571712
926996
967983
22699
239998
234856
367421
243836
766224
150661
253023
838128
323631
862367
260060
729752
915905
862696
413031
27445
54265
946543
773177
659168
289384
369148
386610
783342
645179
785822
823619
708271
548249
855539
127029
829047
56753
211393
938182
109657
227482
651176
309643
659068
123258
889174
88481
322408
784668
208871
510578
520503
870707
169729
861513
578696
843456
727001
615357
416399
843549
587723
291615
279690
839964
128590
799276
597293
26075
877603
378304
716027
802728
507527
372049
49322
430921
955246
248695
601301
652482
877857
388026
396242
162356
240394
259866
968748
349923
367507
645040
499106
177586
409808
43149
493697
396597
247141
361722
683896
535071
477177
929073
535236
408495
787096
313205
552004
367731
798371
276294
859328
19745
606080
614707
109535
143289
265534
305176
958372
675805
209943
145624
286912
580321
290623
543767
652703
964060
429778
687898
944617
46813
230984
597469
857876
423218
69238
137320
722037
494667
819053
18455
637431
600815
493828
64699
349209
520792
924529
66330
620008
174463
960658
299350
531726
832453
89287
616385
899973
485418
767126
322429
550290
831023
339545
842003
683521
167984
414665
444116
213263
567933
662741
832824
973123
529361
956040
481135
634227
173263
677470
152471
847032
1491
719947
105664
758848
970752
750620
150225
131737
318002
990077
177610
539556
898721
975422
819713
961485
914056
717746
966975
851702
251076
693230
323455
853714
403833
360319
479756
54538
301860
872106
869621
320377
359691
330239
758574
664772
304084
361472
459036
895021
892082
71888
803652
982847
70310
823165
169090
304729
715533
747665
834763
486696
567246
584957
376078
558823
530463
366292
615278
996913
116885
223940
213985
954317
346198
975892
409971
684391
412044
320136
402911
69002
910802
312109
732235
84762
539782
166772
290989
177858
851335
728070
646464
540057
482908
358123
418643
334657
487127
990250
695517
792066
273696
477565
691998
118216
131960
191881
681760
347004
518286
639796
572310
562234
610473
75392
711678
417551
216931
323259
212839
69794
808216
884047
891536
825053
487639
624111
146622
589433
687549
17326
948584
168278
709645
38106
780390
505916
928817
828050
822848
691642
413260
638162
843973
921189
782467
892489
518171
320451
533069
365186
820599
105075
768733
952591
296793
564757
739321
417926
173084
152450
497518
256924
991634
600743
451100
216248
479085
665928
651263
651909
380602
557516
756957
655798
940908
115592
112389
400314
7471
198198
309850
313731
455370
888132
750271
844618
121251
6566
988633
548443
818362
835446
932357
913119
492535
493059
332264
648792
158745
485232
576882
852171
750772
242006
520382
5774
735520
650377
40072
517970
131325
68562
623754
612592
864302
78100
545075
653330
886830
268663
817925
653382
146569
866227
196849
465442
953594
912066
561532
250242
56295
375422
375741
50312
362390
3308
213959
891951
492676
246775
783051
63776
289148
766498
787259
989718
151321
752087
660371
94106
47669
373902
661310
808000
989633
607173
775862
988965
825534
437353
587034
699616
226203
709592
695087
810340
801104
625826
408100
422912
355682
530351
654309
477551
492300
932770
348654
246023
387441
394946
712279
644049
793432
506107
503692
615069
199625
127537
558488
439401
371434
400129
205809
116317
420327
860560
954112
764674
568547
516740
737831
554008
905876
466249
957525
936714
550480
600150
211174
446837
899116
326706
666076
849875
515245
744090
113949
634624
191798
71972
601552
989190
469272
6757
900671
445330
428455
69870
762587
996529
453669
984804
286688
538653
255746
654882
557586
479144
316298
828779
80526
954956
739805
598400
729445
70440
271091
55703
379612
850723
533509
488872
582972
4134
228081
395766
772052
399211
726407
602086
904911
626299
785844
816590
290977
19743
918960
790131
836137
158056
567358
862804
157195
542226
515651
148244
639150
345854
52109
467593
259162
46041
521760
114440
730513
822055
35228
621435
231535
828773
647320
131903
412265
248148
853684
519728
221102
97275
821213
381704
115983
893524
971026
172053
569298
626364
401313
288411
501898
830037
665246
820376
966465
454040
126202
522856
140315
413135
163606
318989
761006
888544
413776
943153
776967
64773
983305
838823
429223
250225
3604
456150
419424
752527
55769
100783
841265
108527
448008
950757
579163
97793
830680
682784
238760
148021
398448
300187
596170
757162
295819
588624
410732
101126
834870
176646
410007
931975
544863
797461
778209
667814
27602
896993
813776
293376
277572
732745
732054
451026
60421
682945
653700
849845
526985
79309
175112
10453
30719
754680
419237
157532
795691
426543
691031
67853
60637
196449
568049
119207
952461
270499
548756
119290
797309
514605
235802
910900
968896
978780
841688
50288
862336
803473
392941
749798
321125
68433
613466
194934
235693
822871
670506
528258
594726
502847
645488
317235
501614
979941
442504
66747
778076
335307
874361
557371
322312
185177
218386
594127
965205
96518
768474
574836
477711
984820
909911
714945
872115
845860
171224
294150
680817
604710
204095
895480
228578
191919
617532
115572
110738
262277
740496
444448
766046
370124
948757
40146
99308
335319
951363
185129
73171
322268
849922
418534
292218
299120
367342
609278
973915
872534
52059
491648
180436
289410
781948
8850
400864
497178
180390
957731
126144
983517
183955
749185
227944
608487
843546
378603
415097
980061
549956
692566
174391
385901
814588
532140
25143
71132
137103
586155
43893
148035
442591
459493
355445
419952
149625
825797
5739
333254
594175
128098
176438
385333
773983
560238
720548
372161
180291
594788
834866
217535
9458
108211
432230
191214
399300
254211
228668
864770
363682
210663
158362
741822
542668
85236
203127
687560
546100
43773
912992
497990
498691
69712
409318
871584
698757
950169
813685
336634
412851
205094
249563
655800
626810
47912
873361
616461
416970
826388
153314
745890
239788
983873
426115
760808
725894
779565
125652
534814
652447
176062
638610
132467
554619
132355
131389
734412
359971
606461
320116
681060
118453
151910
265736
380859
847521
637989
650223
543771
35426
682267
562275
722166
719625
264637
295237
963895
133734
298077
556168
530565
373939
620160
235921
397036
315739
80750
24383
476987
124021
486528
346239
407731
452743
555561
426566
33047
929875
442564
329290
646678
138598
123458
721064
34794
29024
32353
401057
332914
358820
930091
670899
609937
667164
957424
634367
491195
661547
67143
878257
430620
267664
135357
260829
439292
365560
152026
575416
590714
98550
796274
42046
43292
380136
250951
890895
976476
536277
837624
738437
62810
228393
664502
93039
326735
473536
930734
136291
488806
269759
293015
455973
158442
805898
703864
346700
406491
646425
834146
407450
543897
558218
332073
198900
624675
353345
580276
642782
128338
55785
708389
599309
261567
691983
229460
744943
258791
99992
939867
212190
450278
681985
588913
819584
106847
942115
81187
531204
515614
889218
16422
798635
721069
569373
104588
328835
460574
835405
795713
59650
29883
121741
881859
739823
267811
920693
527252
760492
346695
769707
402608
977050
421846
769859
72496
214807
334551
229173
828279
539808
143436
145082
459860
255242
178993
592563
69467
502259
925218
160482
125540
259372
952852
4823
766402
587676
155614
78221
404391
816751
767159
676468
592692
224418
665841
554307
438190
174012
475063
859018
295185
456860
414114
97633
637473
387921
78433
766961
672022
839576
747916
694874
381572
608636
555672
861353
860910
261666
644387
357229
630815
534310
926407
327569
162856
628867
490474
883350
535618
459417
561718
707985
604041
848425
5613
240857
891420
419957
411203
755154
603556
162186
388296
781614
676078
233693
348260
709559
451385
820194
831153
97508
751677
135209
653748
132030
95958
562245
183249
123939
722478
597836
490830
731933
655572
537359
449793
957852
871901
22393
15757
729920
673281
911125
354340
864571
262391
186475
174065
118626
138934
706525
708085
381021
171887
1042
705127
332386
348449
165122
87182
291703
684481
320543
161368
918464
87923
736955
595757
264743
616977
585044
314499
59860
909182
827296
819388
953622
681137
204631
573612
627959
490299
103502
787060
260068
319436
909829
652585
469299
645537
263883
374988
560535
299483
271936
8258
825533
513602
579322
585064
778233
216524
895726
186829
668855
89253
785234
854392
123312
927428
731956
21990
350867
282172
749155
904118
729582
559593
647454
561349
826596
381167
887964
590560
272893
368961
960561
336122
746312
62316
813098
485162
39768
132266
653867
55912
738372
574772
363872
602114
950473
175092
36880
15326
596115
615257
792107
67589
423994
4442
119249
543302
747692
733941
352500
92254
457641
282611
920059
759828
761174
789262
138062
126080
667161
132842
326328
370635
775472
440447
964350
78453
12347
989058
186518
68859
514612
17651
260059
514586
840639
467640
736659
714143
561704
956880
677602
348768
7136
592607
165597
68628
750193
567367
280941
922474
279133
13908
299687
893554
945099
222653
573932
70451
104890
311098
126792
625342
479515
435208
332515
839644
2987
30902
766617
381704
461794
388168
132769
481353
481629
834846
572662
404384
120253
285490
484677
222606
248716
278148
342448
858272
177088
393309
544618
486279
659483
937457
503817
166947
428700
898198
182999
353055
520741
571600
805968
483085
917013
120802
363574
631549
785437
157191
165206
584169
736999
234295
498509
917409
472244
475814
935205
643473
227326
830650
152866
150508
735707
705637
615079
110596
433307
952695
845501
362998
277404
73620
900916
98330
482264
143151
258381
128006
426215
20556
817331
504886
277741
854054
27276
144256
667497
329338
782398
201385
461641
889643
617564
514026
787074
895602
687170
135848
64110
437833
495796
364607
877874
954994
262859
170838
419789
126720
880428
491677
377484
743126
155276
154833
301176
663503
734824
405774
942529
478053
977640
701313
476519
347597
279619
377393
605969
248499
1042
864513
406590
232137
209232
92040
614948
23026
35835
264511
501835
977708
423719
817306
469634
323803
506129
627175
245334
482950
390786
483487
427040
702780
283267
649890
350049
574840
313634
358386
947710
689520
603043
625992
875990
71528
176785
488303
105795
273800
414858
472317
214739
46835
999184
447188
554877
641528
905740
602789
604346
633387
556672
207475
732299
922066
964560
374613
353881
509833
854209
481339
658466
899629
156748
883963
977525
732643
912331
699312
777929
872338
681839
855825
582737
55130
308488
703263
499372
866586
494271
562486
396502
174839
103627
132555
308760
404564
71585
324273
781500
507537
81876
780080
134945
988953
18137
472986
495805
609943
510490
990807
250781
456576
385923
475124
757343
547157
828294
991012
116068
41866
347693
158991
71131
618532
228315
909028
197036
258287
413894