455129
458095
853108
659853
16766
853648
393768
978918
706266
480268
801227
539909
403722
596992
613406
299953
73352
96490
648771
346088
423056
124901
360876
772744
444762
75793
379459
460928
538232
856518
205392
727506
488510
749260
318267
16838
860698
703237
994567
531436
675349
657395
8852
689762
692635
146565
879503
309046
569486
503016
750134
419921
128503
83377
359326
77054
481456
292771
681772
199987
148880
334465
64920
896609
173105
959111
131022
574554
82133
676632
745476
16843
938444
236168
50059
311447
917281
605958
307937
233457
505009
747023
444155
350004
896927
362465
145960
989993
531223
516009
260684
449518
751853
487365
53487
63605
92184
492934
598352
103745
8852
16766