438521
448379
653249
11088
962297
98764
949136
556350
129858
105938
530362
470050
243144
791812
760924
639538
855269
694029
79429
217731
991793
991423
309218
969533
481382
389521
174005
6778
155646
533617
984963
324725
666586
302065
117429
607602
83948
959463
603590
677353
999502
30828
720255
673775
145794
661486
154555
520248
405141
623340
970626
803894
823163
817149
469719
514804
223482
127018
375333
463134
118776
615266
744462
26624
455902
712652
862319
506384
797632
67734
661782
18473
616593
861378
767502
426985
58694
198333
884709
366915
374668
750199
803216
542340
610555
113091
755571
353976
721062
1225
377954
155100
996078
54114
418345
84978
724447
439552
89191
368007
409616
369662
164544
732057
167530
997184
802406
994329
82734
983860
941873
986904
962763
6340
178257
830257
539141
705123
279446
931518
454762
791068
713572
82584
276590
349272
918111
274377
325257
344592
702582
850793
749981
402194
449228
527684
446005
543323
284234
191865
255274
250090
868256
325745
558233
908415
197254
666238
802160
231343
874390
935209
297986
459683
487510
465899
518884
112623
485051
971843
950690
773842
128723
805712
630695
187466
746847
717388
38445
109656
779412
895874
280149
357746
505454
825534
643560
150811
259429
293056
706717
749762
109253
657756
550009
806745
8480
32420
864379
800047
786969
572353
894852
683166
908862
76256
822312
627631
665727
52543
914274
926926
965081
76614
520382
775062
709761
958321
899214
32365
895968
813014
760602
770835
831467
980079
648016
575164
359649
679772
828583
565023
741065
460384
136132
44707
20469
201027
786538
627144
600792
919749
276120
242217
148308
878525
965589
320123
628621
199396
440015
622882
130514
667573
384505
223122
867679
219750
348734
82502
650797
486436
544251
194225
828047
380138
545060
616526
663931
645129
369736
738650
498077
1404
13537
654899
745696
432327
71498
731663
71351
915090
971251
757025
33782
410230
439973
400062
406799
510624
507921
675127
638334
748464
404315
744568
550624
433230
723626
684561
34316
589416
704758
579556
996693
584780
242199
945383
350426
99377
345461
505205
474514
288371
138691
272904
240330
792651
211803
945877
617324
243949
223284
565512
916010
237664
599754
274040
953932
706286
267201
625490
862712
46392
419002
176926
286761
666891
382039
771219
737252
398129
426188
47292
780982
631127
130343
756665
226792
511992
970252
159166
672406
141281
713188
502666
324245
86577
838098
519973
988118
402416
865094
195616
445902
40872
20934
465323
416814
264297
739095
666631
455027
874216
399827
827786
686742
780744
648474
775334
359841
830051
648547
454675
105135
885485
269342
314293
873209
660025
575692
492497
171813
227272
338881
94947
607200
812788
717042
107286
854974
928528
384056
405450
638023
905797
175488
463311
611492
821644
768574
555593
638802
767936
979326
117274
456288
133448
561335
107583
155091
648290
424195
705265
998435
493979
125505
221226
721179
199097
357142
354964
522263
33905
17366
718110
344489
536994
428213
145186
806543
64389
328108
572458
311171
171814
96452
59365
174671
750980
751221
186652
668064
736706
371638
249036
51993
348484
951357
827131
822943
597213
846795
636461
122254
997901
173241
914309
778893
176674
391237
162171
25253
845666
739007
457573
43787
420863
655441
866444
349765
855133
697512
972
341344
793463
849748
241944
700119
868081
930085
91131
876607
270474
652372
518579
674038
632144
904620
527383
981566
705739
328395
398981
86850
613581
61805
278924
500292
128904
992305
451750
621853
888291
220834
472298
484718
907466
692819
108895
152224
803976
350985
545837
960249
111322
816954
633366
978208
561384
214063
923279
100533
671313
559334
49427
311139
967935
784828
497037
496538
141846
53754
471368
505107
652244
254812
216712
87442
710248
474124
447393
427758
110141
893754
706898
347401
954409
77837
108419
715379
147193
469063
513509
845038
566092
694263
524591
386133
525315
8297
878522
861577
52310
405096
985983
763906
629464
187047
81102
633177
661766
364356
267239
693301
843974
547868
555455
124388
889911
581770
444824
942790
442585
356438
834851
67645
686830
253551
382608
426322
735318
991590
519631
893975
726944
262500
429256
822780
621703
366641
135326
207818
983088
38915
846068
204398
194781
284870
413901
121430
16463
925144
355060
618222
171597
165892
385595
521737
267687
488159
49313
638303
888606
875876
248974
774268
391804
729523
148217
283705
928119
649197
42973
255948
533721
767294
924630
418392
465764
740388
221127
549973
791368
6134
549487
202082
570415
806412
351469
751540
833592
465409
246320
137289
541339
538123
881686
82965
429372
640374
221201
999664
781644
550316
577795
586121
615769
167153
779045
875744
919870
905128
257520
117719
788661
790440
781589
990419
90305
889758
84924
434820
112064
716144
492013
293866
415433
111974
156543
509069
427519
614072
256254
185351
354681
707804
190267
601002
574923
543258
949831
509000
829293
370337
194042
550341
883973
22240
508142
555794
539136
840121
183179
367142
117458
716524
393673
746450
57160
830841
99090
706785
622270
777762
404550
536421
232470
945260
863994
783360
265830
510366
374930
160498
383690
889544
165985
64365
603003
903676
815348
151918
358542
539798
403903
136128
862655
49677
948401
951250
317913
819240
343327
232073
789807
713607
305758
273759
371936
12597
757421
565337
254000
239223
889764
291403
626259
912936
233181
878582
748611
573795
772864
631450
39302
910774
617445
11692
821638
939506
437818
111481
344264
158790
338976
1364
551904
582385
787858
512133
425641
710407
188814
969991
554609
300064
54832
379992
653991
665009
245137
704235
934481
27381
699402
79384
13505
453292
633043
478497
913860
151885
747627
922358
388450
945618
656343
371611
876287
879405
695751
995815
612192
757480
990056
7744
96855
811515
373962
983418
953393
905099
760784
609229
713396
1252
848452
713989
240532
42546
135147
32756
587556
794925
423886
440615
435460
74494
856645
757895
118516
236867
415513
508442
986135
637235
369778
708512
483540
903744
713469
113046
420001
656800
492121
438457
845779
763951
654785
653046
336924
850244
658689
918075
936905
206491
440779
970448
481809
957349
826216
127710
585342
154188
307596
131608
192269
444867
917430
857006
300513
261979
403591
83098
586249
391464
751763
724799
543404
359219
667046
877058
590150
385704
536458
617676
32518
361122
949560
787902
923199
375310
498491
219465
326594
673356
722893
381154
742458
892272
621123
653251
540855
876311
716778
416262
149732
60536
505891
429948
600136
353917
947044
891348
850348
192960
867489
221183
84397
923134
109298
119398
47122
189583
114720
362362
730631
268055
67848
936350
614698
821262
439117
71087
908041
33185
212208
160175
730282
630058
952889
68990
562244
316894
911559
300710
752680
863835
62551
181905
568870
288784
570408
978295
817595
227857
170968
806306
284108
359224
797193
19123
658761
275005
209102
372357
623507
294113
695872
789740
27352
452311
912698
718657
580847
159168
580461
450538
647554
881098
705165
447174
223761
549727
727703
398725
124829
827883
340984
955418
866831
689601
42297
82327
795864
651481
165667
485979
292024
261725
495657
64495
185160
581583
252139
461983
266269
154393
329343
368904
872951
940377
985636
58876
808663
27436
156350
477704
161199
995265
788834
715035
735970
739151
518467
180698
277909
800903
698370
537197
738141
98856
140226
60461
583680
656893
636979
6763
129541
172917
467768
633833
438971
333195
207178
813811
500532
951141
691047
855494
225613
230359
407079
862921
840808
961635
9240
196491
501064
662053
133266
835983
159143
317013
394558
274166
264445
4953
139077
507599
463127
158349
985916
727488
815597
828722
889076
468582
698633
880993
943967
378422
829368
912947
208156
716122
787249
879676
399055
406102
504548
548891
667005
238108
967461
621202
834876
920390
164296
689928
860864
464978
901345
737269
498426
855952
796095
694387
206568
61011
955471
19104
423565
923397
143071
527357
414510
211394
713959
918860
492168
775558
936631
392877
475494
623996
615070
289417
351821
44338
979326
432331
632746
5300
654783
398496
61055
137494
875722
442317
375794
108946
840756
866545
249780
86929
780150
715419
816978
110220
355501
711030
834125
696355
735988
378860
106079
650319
563286
288592
182188
18684
808310
245644
566966
157792
963830
871182
290759
534558
753713
106729
390658
724093
764898
442072
126205
985292
106976
778570
261683
980095
622207
375215
425956
319793
103200
43827
635287
106000
350629
460402
238524
283240
602027
75184
794673
488686
508868
843439
114114
592142
550064
531041
545413
402223
430736
289105
499357
986844
142548
978222
815898
973185
627687
935266
364346
154089
529069
569580
478400
493183
745122
710431
181563
768374
556312
131980
696576
46888
68709
48509
890888
544155
649703
847420
905053
792685
234553
747384
903565
167137
447588
611170
770529
34977
73434
510696
278553
280215
251286
188333
256863
599557
130426
963221
921529
257659
615622
623827
691833
992474
458036
975951
747495
632190
998749
172362
139804
85256
560416
44437
287779
804155
189027
152489
300486
196197
684164
828699
22020
20037
284658
34268
193
16170
163600
716860
145664
568360
875986
676433
359474
965372
915197
509254
714921
425973
178547
341521
653748
89071
337358
231421
379188
256618
986950
208334
973210
382800
253329
808624
807999
921646
788398
401550
756706
230053
512703
792707
809672
504242
982710
576640
483861
531029
311127
434791
720459
368282
190109
328699
804904
563191
590068
819190
390352
109548
717521
491007
562693
970191
27535
382567
170864
954809
502040
806666
97677
43528
941900
920895
513447
603504
88549
746700
717285
786823
421844
493545
744052
988707
446509
366439
493904
892665
205955
944879
70529
546329
460177
185796
165520
729717
427835
768601
740764
136459
700812
734439
586494
388901
427709
785184
19554
370265
242289
689487
146744
907922
519615
852206
814504
194447
686838
951331
277271
42892
607128
536149
617624
610966
600721
691631
928398
585403
477052
79581
132826
701246
84289
471213
581966
308379
939723
755881
546205
51832
237922
88539
731216
313734
125714
957932
721268
686463
849987
639806
308520
64820
419290
424412
15692
913168
650492
24026
644072
248282
297997
443651
83103
582078
815437
829022
820168
733024
666880
818569
584529
94359
27785
396287
777441
686918
874387
435244
65302
456419
456740
955369
286187
439738
672235
127007
433378
804753
859562
224824
98538
667417
19106
972103
969444
829563
753537
52477
478986
310169
901854
859912
298835
600960
898608
678249
269336
122815
817073
962278
517655
608621
278176
563657
341994
267390
996353
299749
26997
564081
663230
412807
968118
171779
868209
319505
579167
884806
325251
680947
861898
574280
703099
322402
545667
383725
241236
550410
948187
752013
580549
51298
53096
38581
727488
502450
181278
245923
602131
66218
786130
162875
237432
882694
2111
319024
694306
467558
442791
844422
198935
624054
651532
915870
675536
179745
212592
796253
279845
366128
933498
180246
24785
442252
663068
542390
878178
155877
647627
361171
636266
524379
961739
210562
572235
786746
334252
734065
937406
323166
781559
728020
355882
97538
773843
618491
276778
47911
940203
693970
806100
911465
711337
795960
367775
192591
740432
599265
806755
586226
553691
581876
88280
948902
954781
987862
564627
137952
61212
796095
777079
584140
272278
455854
537191
501819
301507
115972
230250
190118
594265
773482
298690
223762
530155
69969
411428
644293
222048
269404
984755
583993
862575
661683
918871
847935
249074
130764
845561
543388
53598
172851
272171
315694
931204
953522
812503
268477
688800
821154
71459
159501
415358
756693
14191
811903
716271
114654
249895
730325
648675
355214
73108
103525
913737
261049
854809
715404
952119
306575
538507
571128
212229
156649
370960
900139
662120
96115
785431
895015
465726
82942
877544
391776
395895
444847
17657
869619
371350
330627
812111
146876
38386
113799
720684
920716
955395
21080
193127
622428
786889
320083
264486
119
792841
946905
743545
737034
549194
540822
467363
888853
935817
468059
850490
420228
764422
721975
266185
573571
881096
630605
62003
183051
180939
761326
84239
860838
954567
819276
331961
319256
423353
754622
706285
776622
411613
853845
637493
485600
164473
588862
271224
727503
899188
470029
893192
690778
762325
222361
817135
771788
584278
972077
651905
253243
155509
862217
527464
742937
135985
565931
987230
389567
549504
957676
321116
40612
680641
126016
657788
170653
859788
568570
355172
422126
489227
82037
260857
600429
54538
510637
562969
990950
669235
790803
828703
902317
620796
11742
473360
181223
815949
674746
168152
325785
191537
674382
136056
519813
742399
682077
77449
90473
87695
348076
136324
706913
255164
683289
108339
247356
349502
346094
375100
880127
166350
744049
630084
229
472554
953739
163795
670712
521280
975796
153636
84976
465973
630119
129863
890311
328214
278692
1753
289683
559648
7428
542806
502234
298203
351983
372760
492239
159178
519665
97066
773889
209658
345888
195115
105266
621874
503560
836062
579207
77370
624013
318024
521017
138478
50009
630144
978271
313001
38580
106240
462863
5304
678912
277264
532498
598525
479683
323462
658766
822260
292060
309388
589012
360904
212887
421765
706185
775816
13406
557537
870046
66663
674595
424008
861836
746515
38582
200621
442239
709653
953918
224310
731003
567184
648421
924763
438045
675373
407637
435276
951831
294680
90509
107644
12115
602783
817247
780963
41903
484577
36558
883319
270403
71258
360748
808617
443394
777873
983659
326826
251183
761639
818199
535507
776937
9985
333537
540866
909939
346618
258061
730233
218414
823825
322259
892085
706882
584287
998556
809193
465691
100856
145725
24344
365453
389354
350317
989611
955632
443308
419069
882141
927811
313310
346820
330729
870653
155778
410925
490056
169095
531546
241769
129001
568110
660953
621745
854629
240233
740870
615962
490356
445171
70975
82264
932328
103959
472063
866503
276129
638441
525436
250112
270272
272481
273358
787378
669200
718125
254607
165354
193718
923598
491419
316687
865210
210833
711992
520356
728883
807898
785260
221954
635634
701994
139249
56568
169241
125113
545362
536462
437383
808367
204002
337257
588145
777084
15721
390675
434968
362781
830101
734378
845838
792843
464164
418320
242951
860919
916620
985514
852624
599843
812799
163195
342973
950337
504965
994807
635131
299853
180822
779097
626618
41814
935656
125287
138131
317866
23461
832737
188157
486022
981339
317183
718889
157764
252389
361225
917422
406860
473741
549119
754367
470261
496500
871603
866150
500640
734497
862442
855530
328236
288288
173094
238202
352524
521374
973713
487211
814781
451296
441125
890290
968206
656277
136492
380103
23943
469866
795961
80750
98758
147204
457539
872008
664990
584239
459024
695482
844183
690812
34160
337460
565968
661748
997396
745164
268352
27790
232466
857745
311015
876161
553260
811946
113019
686927
59323
805626
314266
884773
965439
964039
443329
286924
604723
586057
27384
911699
699550
573942
462990
403118
345035
252490
4353
158316
979920
973334
839857
88847
333665
835374
609002
652958
642012
245812
262128
191074
527727
163182
474384
784194
677763
800349
145581
946695
779056
289024
76110
315585
269795
117005
532776
346048
58437
735137
93636
638456
642140
146345
641810
146419
410025
318927
14849
586451
308011
326547
299915
626449
602343
506145
351284
961726
587758
984427
92248
78430
844320
877794
412224
976086
503560
343337
679878
96018
463656
293879
486984
637643
163869
853572
667585
987885
892217
403875
602577
525185
475808
623382
507597
119545
403383
835360
472009
710269
822744
458051
493682
968992
643123
336068
308472
445424
937697
232538
170489
652544
823572
873303
840537
722243
363373
342134
890181
325836
27159
668827
49825
657176
591408
334360
557350
781779
180498
782641
364943
209794
529845
701769
535687
85034
129870
971084
944727
519527
92057
674340
60739
373665
597296
697860
227855
492342
817568
204021
22654
448798
384234
802090
900888
245665
98415
297798
495269
348934
97943
410867
97663
222559
799497
522237
840575
92941
75363
911034
55876
398676
439163
896418
835149
443487
832680
416736
388450
193904
657882
48828
625197
565109
45179
982714
785892
904264
421456
664090
983896
148672
842071
411419
72860
674890
111678
506449
820309
141277
674189
335740
385474
513726
494036
77291
674802
836360
28156
707892
991006
258648
86183
314703
635800
782822
81306
535664
612285
149356
181641
291280
577183
934753
464903
673391
620468
791169
192487
649649
251568
725447
428909
729044
35871
763208
927502
57982
395321
159012
79174
104297
213511
818057
276479
283331
380957
464905
386801
754818
303366
924848
416646
262241
183735
760073
388002
75851
901549
58938
201259
210342
736082
152401
720068
432423
362209
283054
599247
906596
735829
156535
543407
463006
523831
674394
21444
256337
19352
498138
887966
669791
91375
159241
668652
426956
696729
397774
595909
808488
442385
759749
851181
961991
998896
350305
614985
237007
168966
553318
259975
847230
170023
474659
148504
63290
428678
711088
49437
415146
448097
823497
961011
102563
983933
813654
518746
941206
251024
446698
236789
613007
373399
628657
150517
416646
405981
737804
926236
793873
561546
926765
689174
883495
755104
734636
39268
517917
889341
468162
794190
105169
708868
708476
53804
538216
876485
259371
27314
773206
476550
246079
683639
699981
360639
490147
225403
842884
401546
93442
227743
535805
86286
201412
119723
347793
714095
805524
488879
213627
927055
307279
997056
97350
716211
509867
801826
139410
532897
710683
26472
254396
403106
8267
787410
356772
108781
217801
949808
575737
396994
109578
643292
734994
442758
873139
401588
151963
420381
957260
614805
602359
475220
888842
430613
512732
885260
454149
892577
500166
847362
197872
875045
166506
853682
348268
147288
540226
446925
560866
883133
240670
289912
193143
452141
497435
507795
315320
901951
224527
193273
898145
692620
48176
723772
879838
375236
825593
961178
524525
375318
636992
138325
361294
379958
444946
172987
877266
641119
266271
638345
288242
351426
702858
597534
611048
726214
828013
132539
506154
13470
219690
451860
131447
737328
312339
691833
634752
589977
944637
515418
492723
249333
986013
927620
635537
418383
4896
883564
904788
285364
573462
156641
402244
344733
872443
704546
967617
504787
737796
947721
775958
440547
135885
76511
433479
18336
516631
972672
797180
198494
763311
989014
315890
692777
526264
752455
2401
434764
905084
195411
233632
345573
429664
571804
29989
779986
189808
821211
63582
771806
952894
960954
662483
577797
641128
70788
252794
661559
783098
75597
606800
618409
459080
840766
684191
823640
66256
336822
701939
657125
49577
213111
712854
254285
460191
271664
998393
318487
63615
57400
40915
619719
182247
72108
566891
448593
7413
265830
433010
608318
433695
343081
274839
798349
359969
765354
213421
335629
355897
33904
18133
956337
733859
689852
125480
503460
562561
901983
772445
405503
447262
462894
703769
673932
196827
148914
762443
642720
300128
695806
917456
507
858475
942918
283622
428709
920237
769706
925639
726742
413756
722357
896289
469048
200523
264128
840854
117366
266747
616492
979400
951307
975549
152731
987934
812111
342093
924389
727105
607112
867268
655059
192393
241667
787005
322970
780130
391463
394726
844166
187403
930728
514668
487064
486292
990303
789128
686853
721531
886406
30854
403785
264664
938815
526162
696198
835104
150972
263252
751591
356341
811719
518139
661278
494882
324332
249763
975555
628279
126728
716894
376424
141576
670954
877806
810820
767673
197412
174759
132990
78174
792430
780272
99319
243145
807929
386158
656972
856320
687293
931421
544384
776826
553935
871914
966657
486693
711272
311156
863727
477463
316795
45165
339074
966961
780357
601225
289612
600861
836363
631916
431894
722242
601809
413437
286546
684313
755581
399776
358854
409251
34965
86591
368499
929426
782229
691900
291519
299412
547578
931852
267257
525832
52100
331837
584170
481628
524476
857286
600540
665241
404503
385647
124120
147662
226596
134657
738673
463421
936057
437992
34693
65153
141967
872054
553908
196651
777966
353238
178133
226053
528639
705180
350442
533096
105160
3440
876611
433405
517808
223217
967585
442595
605368
318275
538812
962574
306999
778003
536787
329361
201710
413541
551250
927193
160798
622549
868753
338595
938223
736161
549566
995535
631939
176691
87846
684890
147406
409024
63250
616399
704791
805091
884748
494065
505858
213603
445554
467633
478324
337808
647866
578281
782380
336632
399886
553767
886250
716108
295448
547652
230518
305852
944204
136670
397688
233149
762065
180492
5667
16997
287716
140387
894219
8028
67714
646701
498650
109363
159189
137203
99797
17153
925441
497739
259626
859103
865487
86445
501708
368852
822019
168504
948130
308182
60883
186440
715969
826724
948446
254594
260050
709635
504611
292132
464005
260735
248715
256901
885855
122401
884785
417107
729061
27820
552138
185417
234583
181899
295185
748503
57938
395443
505864
464021
582490
196677
561738
946763
813149
575073
130319
61172
925060
885980
835500
962649
32626
926737
601150
286012
133864
5121
753232
40543
552258
515287
699510
689310
717349
358218
824346
99838
388205
638918
884591
5437
200820
266560
50173
423359
724120
314501
405841
32565
489515
988126
579926
978943
938913
897385
149669
911003
94704
903161
587276
375705
219624
321304
580542
457176
185877
159937
55729
282877
888474
158785
617901
664865
75547
952441
559720
809476
558660
141839
235181
478380
770180
890989
333043
610188
432066
599962
659907
69998
994556
240597
196005
718675
631269
417982
21267
606558
470731
719370
308052
859832
536467
489064
912142
489836
795390
562000
379424
612609
121387
661175
470882
825594
183821
837906
830717
543862
905869
338410
836174
144881
920795
816928
775132
148159
704037
811464
550523
827230
418903
918215
541702
765003
202813
38866
559629
763602
427609
775847
741365
528391
567808
224964
318834
927675
100438
143549
658899
640037
223283
180243
210585
618460
558492
60076
499517
208603
668580
790533
174190
779904
9218
88820
804893
181193
655989
27943
419215
27525
725788
189794
413770
608810
76790
272328
546978
951411
490590
1495
554380
265063
927391
192899
477843
830772
200720
37156
287872
151844
745404
202860
232778
534292
937639
278923
486025
755921
620606
577846
435985
857011
926341
238160
582789
895039
537850
964061
209034
181207
40924
872291
232649
96381
413072
596992
86069
290229
663550
179001
86427
42292
391167
974083
30246
270171
344155
434826
417624
247447
594311
538877
777598
333613
374846
119088
888211
73905
605523
289578
109264
989336
915868
681451
891331
449680
321296
436864
584921
551843
173661
512251
995985
107406
280173
53431
193880
870972
3011
314508
797461
797339
925598
954394
64537
509883
731141
495816
976505
364056
103327
996209
675321
246677
576235
369185
248819
370700
299817
87779
175609
174609
20804
707883
662801
685576
624846
296737
777626
525469
606616
667560
924091
133109
997882
398084
856880
805220
603910
801378
542315
730708
733629
640618
605512
734297
686165
322043
467261
478526
511666
960796
955250
589407
995286
37335
234376
998248
837970
598732
148750
377347
353125
858388
227673
204065
970011
2037
567685
283914
800336
117240
299602
209555
823302
624679
238134
363311
43630
289467
312382
103479
57846
626564
787361
669015
837642
455515
483989
281251
721734
924902
503756
182310
993622
989654
44168
920995
500655
736618
370898
182304
581968
812557
543841
475525
929450
947184
271643
729532
975828
758050
103401
520556
255230
335516
127411
643597
947626
14149
166152
488066
260097
146354
453600
341263
751986
638580
446375
329992
633610
166852
851565
170924
712381
217269
512248
245790
660183
732722
892917
615790
678835
187568
763435
27432
661575
535398
545775
916632
261299
785905
173389
261683
334706
703427
88237
595314
48128
245036
411230
80611
794022
618265
115283
340801
96312
191413
991689
154210
92677
90515
80847
709221
457180
125523
567549
742071
594650
163369
371790
490233
533013
960035
832420
865658
311695
576173
411489
238367
799074
756361
123642
169068
719062
368422
786599
374168
747491
807073
41008
17870
897978
203979
445156
517538
541442
670652
865473
992278
288657
886474
752029
844520
851007
97298
105756
921494
510450
648351
600389
234841
702110
584296
303154
697720
785594
976120
304222
179607
251393
628328
153059
22287
719046
97267
90574
843416
435462
434638
992764
719837
529659
124029
627600
505765
139717
475261
826949
239060
52495
445712
410945
870314
208121
279958
68934
176833
738419
736808
276526
253938
252826
885246
405742
25056
814015
373731
473461
538718
757756
885626
885018
652308
683103
449305
263085
525188
532416
422731
610298
488591
637340
641000
90002
407712
498636
698882
510122
38330
669279
182333
164004
924308
832319
563872
828672
460572
516497
480799
469007
368458
687439
395819
966420
33757
901241
896598
457078
201025
893632
627866
911365
302761
9160
213046
149495
495489
571944
898325
28206
352410
643809
88402
700727
493338
944377
904550
66648
463999
708233
36598
88695
873840
265283
498846
494882
237788
748187
532173
791839
757426
558396
276610
6364
282720
823786
523119
66887
568105
952899
434723
580042
638430
684237
106819
543853
818818
291546
93611
40937
566962
20879
402910
719083
852711
269922
132599
26738
363443
2115
385967
300724
582733
613599
895412
765254
843754
442011
443828
83328
611422
417556
393708
79715
830560
780698
220506
661216
828781
350626
866610
325343
660736
747617
441539
845335
107370
894968
221632
877787
767830
256362
721198
972503
344904
86525
156577
164286
865180
673991
159321
334864
535720
427990
454189
312304
774424
371734
957229
474948
73073
528359
377707
804827
922808
739924
840665
724671
261645
400016
695918
416553
935453
208455
412239
81517
669280
58770
171708
475374
799593
278269
396110
514948
818350
66000
68701
908841
633782
852161
653136
744014
278738
16213
149160
920926
815709
994712
362139
256155
195436
618641
917104
434890
227035
160869
158910
903828
614736
617706
566796
974528
662712
284933
368412
468683
1812
814221
124927
765684
582923
868067
573081
317240
360828
698763
126023
445538
188216
304178
255811
358661
770096
226504
774736
406830
510356
695297
260985
988049
936668
201751
374588
460249
966581
991715
79963
990623
618060
802494
38248
458664
750361
627770
522841
53421
80354
364466
421266
625724
56477
185315
374568
566457
706700
690995
852719
838419
734665
482641
682463
6561
625325
555183
253840
389975
732313
622142
203301
78743
649928
940425
660992
349156
705692
22134
318520
741041
431433
963892
970181
474117
481175
251670
427081
103383
194037
558725
778376
36719
393921
903375
835849
554147
319167
3467
387798
76148
71010
517797
13794
578403
903319
40040
258343
352901
212420
8875
173858
370312
139479
564013
78831
904738
611127
876963
506710
722556
261322
230675
106154
571341
595886
398776
337116
510316
157347
429233
68716
394913
840647
187671
676902
267406
240408
954896
79274
148204
130993
792893
167018
550994
348915
616974
345260
726800
717106
47252
669304
144899
173966
881608
991434
852790
586331
314415
18353
218890
535279
457240
841458
314410
982997
383521
282836
319021
91917
18886
399234
308262
483980
205058
261797
743599
149396
19778
490954
671709
831541
456463
908838
990695
654676
271647
193931
805408
290697
266944
811257
557653
493976
505238
182304
171199
246753
536312
900783
435588
799243
585708
789638
283369
528062
442029
324869
859704
116798
474303
530719
15542
65368
263437
222181
897235
486907
68086
722406
570412
443609
714019
903751
218450
888183
215544
106682
106292
397388
175755
687119
490588
334690
425769
208902
750524
701603
33871
582283
594344
592816
31640
231049
937299
649985
152559
952579
392043
578776
418875
614974
824778
434836
192592
777832
759309
294268
63257
627823
882575
900832
311898
100693
180010
670498
674763
376494
356105
707779
716427
810480
204341
208929
627566
287627
419952
218071
740395
550262
841422
798584
176267
708458
697227
353741
725692
845443
292674
300980
835940
515180
622332
415498
805804
696100
570526
37688
930
379759
940957
153189
330063
321156
271562
900635
673699
930084
830917
678033
427315
740002
633722
766677
704753
955611
307037
421388
421526
969585
763490
679814
673101
905361
935519
823559
526743
618282
777945
475869
530458
701187
730701
661912
368681
517273
838263
851921
115568
321235
955107
846922
153415
976371
876098
536822
151801
262469
533527
561422
469447
399724
252951
850986
893734
159028
595723
684790
166693
174926
609507
906191
592953
771338
27578
646575
629542
58330
485359
233533
26773
943748
353457
838554
262269
84995
686784
360328
22132
312499
483468
441836
703450
503795
128487
258641
979556
53228
911489
936128
530172
712895
815475
415857
501011
749280
202595
162295
11645
360087
110967
517633
492035
897581
779372
83645
106210
292131
758071
200875
749756
605496
394159
102039
920490
558904
932131
870805
811558
765450
785129
674054
713800
473027
128294
469321
245773
142426
478127
722683
534588
422590
609290
780853
246287
471160
481428
224492
916470
603210
243435
486424
412469
14818
856859
735658
405917
532782
872956
165803
107466
677425
984696
49809
871021
448825
217657
473989
661799
19936
995037
804981
771312
630517
586958
405913
97778
780450
558140
258175
590690
921208
736505
250431
100225
37417
923052
591734
539004
26523
97072
349391
730674
603056
680704
336590
440449
430718
550508
138274
92635
135735
817433
564095
315694
215664
311723
902569
222214
416802
356361
605238
762141
973831
58805
269123
827259
405473
26621
430158
61168
17858
351649
721151
274379
174748
639066
430556
741546
160384
166769
902430
480633
520534
354427
519580
900360
872273
522248
323798
574494
689114
332728
700712
645277
825013
493137
499452
61744
349991
206453
755783
199118
4061
976657
140822
781238
241617
619393
49593
106467
620018
59825
232019
542340
939250
680667
735649
654820
264085
633003
716137
155703
178526
685104
632517
537256
620933
59430
493409
975393
417962
664521
877944
834615
548584
806742
104672
939196
71825
122446
626979
551394
775549
185057
26148
506000
550325
84614
755761
952686
63270
150594
954024
607144
396842
380636
246433
349322
786092
102441
250483
384966
842070
528408
532833
908380
907893
782579
821302
712025
489934
551614
453748
671150
52572
578873
16956
537427
601319
441912
63783
727113
556172
36921
244702
462704
787532
341047
617418
486414
511891
963657
642383
323618
313518
861471
287732
835372
44850
726815
703066
990922
427794
305449
498700
393974
845016
369053
67253
980713
465115
42986
566468
161156
527112
629009
146552
544054
718228
764135
392416
205481
166154
294981
564942
374491
945236
977775
742136
854439
824686
686769
560803
405887
106029
173499
743520
700007
499048
268335
978941
61711
225993
620351
176538
191151
200611
613538
390054
105133
482421
568446
906172
224534
911526
816017
209175
9527
899037
94329
225130
481110
135700
609573
164076
994745
97993
471237
926922
588991
372173
91775
758236
165542
780620
29680
80926
287914
315374
838275
348389
90804
160571
70925
130103
225932
514288
305483
91418
542069
742480
840945
732717
677899
785958
909196
320598
646313
943621
483940
89217
492429
848429
324170
302224
465145
228046
307888
46262
155640
66649
727683
217477
160413
44020
643124
267225
498745
210376
152580
796796
209028
832693
488949
681254
376903
615290
859179
587772
941400
863680
111219
268773
318307
253925
973223
953519
946344
969695
142985
784306
74299
550066
335773
792775
333326
847679
211974
511152
587818
680277
691395
629622
734891
170070
877390
152613
295821
235412
350333
574777
479489
965223
653078
803372
771681
793285
992806
280227
803861
527229
977155
658441
358781
887955
442950
408768
230892
224515
792054
170150
367687
875612
980464
800913
105220
10500
385583
94089
603777
485632
739415
101685
602326
690988
822771
216347
625404
108723
190921
906749
158514
984248
295235
328427
934248
721700
142255
871537
618344
864883
494480
441691
560107
910293
110994
62632
244959
513216
551292
771850
37576
631252
977145
715047
592479
763918
217672
345518
578047
156732
119316
535169
870404
279512
828929
997429
414806
787653
820305
14480
382186
329890
831036
65445
951508
613696
648364
230748
411017
15370
151091
337059
280513
172535
980391
145402
603185
357549
40011
142406
422041
879656
28632
685405
720271
104997
287537
159326
463421
31051
909885
50676
533785
916569
796210
58326
239626
427933
274238
547735
238711
83846
228041
343785
53037
719516
555069
713725
757868
7457
233463
396169
910631
377373
627290
427844
699135
588796
28252
961683
718238
43703
971183
945954
31952
400309
14319
811388
905038
287234
146398
88885
203738
651768
57203
68986
926158
219408
926314
854182
957853
397752
331721
213732
175508
745893
62611
924828
841037
549659
953010
13093
616465
247947
400384
226992
231064
190446
820875
193356
430556
810558
777964
464770
828646
949004
139196
963981
42807
849413
509697
931727
112502
591654
104295
856591
277819
488218
218613
589511
857221
387949
441489
453287
656812
969110
563638
81323
131697
554140
977333
945247
129631
201205
430962
237208
206105
777136
564722
775795
782208
724082
16743
479310
727780
271032
236994
225052
625800
629545
50924
397578
509141
502780
21843
95960
168517
86924
741366
994619
359691
417673
689346
609624
859906
71972
800274
488666
492960
468450
837289
649269
737040
776896
494484
722287
603813
221967
910399
38243
612108
962561
633038
207528
783350
804840
730674
558528
732308
677524
358235
442274
315310
981052
349195
276952
581727
481182
855190
125899
274676
453866
107413
849030
587925
394519
317552
928530
204877
408868
745263
463603
423014
577818
470884
368147
729563
137735
632134
238032
313394
499479
120345
365572
589772
957180
181039
892792
424864
371683
509074
267581
80486
465774
426174
944984
412990
961947
434005
85539
310317
301407
550705
478680
407010
183793
401307
254313
138115
167218
286227
170554
264903
85681
909267
224720
940733
735375
61832
987591
345228
751234
887423
246591
832993
505259
288708
52933
550034
588765
656381
412528
833734
829249
415711
128670
478732
613546
480189
861643
793906
926716
84079
170542
839633
767380
418672
197727
68554
271479
820286
995073
601301
783720
669010
226079
160335
406027
787466
805222
169412
762274
275395
776075
298766
696807
577485
236819
972973
313068
1679
725272
772302
738212
344630
134020
445632
709237
522835
236021
175807
235670
922841
180961
716966
34869
368242
570399
267437
85427
559611
718111
977132
339029
637790
371302
600613
719992
867199
312017
737714
278786
747740
920673
979616
457644
603029
98934
374968
64501
981234
619705
400397
834618
943350
240323
582851
551493
576176
620489
703338
927146
159302
300833
966085
165853
43974
787649
855635
36492
370480
52921
487440
102689
843440
80346
135851
868789
754166
880928
795120
901006
271153
133871
836196
942921
537320
700525
907211
62615
119
193