242156
126658
329399
921907
403781
789559
431068
540788
863092
84281
178098
898253
649266
788797
856224
615630
518471
495177
481528
116098
129752
114424
668931
922743
338025
993843
853067
683020
315394
672334
957210
155103
948422
472348
823620
426316
418344
991614
491833
551553
570682
316934
93693
209178
290632
690824
754467
909634
245537
260436
501990
520378
696023
144342
762942
11417
654313
670614
298368
887610
424064
884757
840160
591589
696817
971678
296890
433409
761495
844228
663642
709727
913349
676773
236399
525300
620157
157899
828717
89796
535089
943936
867258
397689
337208
845939
865313
848904
127208
707262
412105
875524
438559
268907
4463
152377
261383
285386
299540
311431
4463
11417