947591
709024
618813
474020
227567
108849
687916
871895
204309
753820
512088
549015
350736
328634
359143
890096
775206
924771
5196
49652
384016
59317
81735
308989
352704
854604
386059
134057
845738
474331
332550
619496
66173
974587
25210
804473
273653
629946
812771
463328
144015
809399
639345
200602
942967
472902
910210
636380
421683
219952
601949
802155
694543
832495
182546
424705
989774
465729
825923
594289
740639
174133
33535
728423
525468
187689
231374
413818
280913
520453
123586
795914
121121
765162
951803
503937
162891
398777
315781
268241
981070
585672
131096
449974
364322
501739
588608
849962
814403
716548
317631
959684
934878
658813
599583
412591
114547
975193
836847
260408
651832
924839
793868
393223
637917
670775
463950
604795
453133
516836
461555
900980
256263
593736
779206
809467
572471
961976
837610
894366
185951
542532
814716
834761
457645
762823
988265
176406
170331
204783
152226
49763
427357
935053
247569
982686
774495
330386
541877
121180
131703
828048
305869
748624
932927
532615
707089
675489
87496
284830
230846
82552
78217
166415
920919
967811
656140
858891
764740
537363
707167
613241
242258
661792
242426
268758
3018
694115
569698
385055
390419
900844
349431
704577
149409
474924
653646
10778
38768
680275
340625
95277
143740
814832
305851
732386
95361
531839
280671
520020
721832
456976
26511
214131
631983
852829
663314
121963
6688
833450
103920
699519
501365
122121
357848
318658
920402
478673
682921
682103
829048
275789
382894
876780
318642
474675
959067
505270
569361
235224
929502
164391
254266
252036
588368
299788
289579
757709
845250
72820
581924
639793
125371
602884
654560
294158
709498
894605
493517
836536
771162
984152
139930
649671
389381
692581
775350
760291
183159
379926
163764
933266
383492
598090
186321
544048
971564
797352
120297
590262
96700
597421
816920
772736
832462
864509
147970
475395
732935
965318
288977
310780
451041
313116
218329
30374
122654
161319
551269
258474
720447
184388
138492
144050
33164
962783
221937
169644
690870
506428
553384
293765
686312
109621
705934
830440
221793
344116
943630
622961
471115
648748
289110
702242
828062
541661
897262
621898
553341
526179
483021
129677
635537
876404
671682
85244
610910
212973
597286
503725
165309
815089
151494
916708
904486
466092
382385
391709
243930
825878
415040
446657
969746
295449
874736
750969
750854
877935
252103
998138
129838
950777
67923
431780
197532
317905
616144
203788
36585
102061
95210
366046
588246
714082
100415
793466
489426
402973
819957
659985
945324
996943
730555
917638
453684
998774
473952
534734
749928
932396
786644
803509
408959
715007
40819
747601
432136
771753
857818
593163
397896
72853
139980
560387
90492
662716
887844
776839
637198
993550
16691
834609
623737
579235
478277
653272
889745
618816
494113
281773
601441
77651
492250
89840
395667
283253
563154
897709
805222
594269
836977
775150
421827
809526
973826
734028
515068
233059
254150
886430
862887
28884
889529
50086
239428
249870
370582
540679
50866
178770
739572
951903
13671
708333
989850
247245
484690
367218
395946
486897
359262
746705
483065
724862
813800
390820
990276
917523
312291
55362
793995
58733
275327
593297
446031
224265
80961
447560
654392
474879
441320
784557
879429
832005
499063
426565
572943
927205
812494
853040
927505
852769
303051
889554
191504
788937
419596
538550
167168
24813
871891
649298
681227
443161
732190
71585
999719
56172
985094
71062
711867
527512
742867
164666
720447
268138
740802
48257
66053
632597
6267
438398
388295
379989
859838
28925
679220
514701
455468
786028
187912
154660
217136
662053
382562
293215
959445
258474
933023
404790
699434
586427
500553
192563
758040
839799
82770
945293
937105
524748
76460
155502
25268
569873
655128
220861
715065
374798
872752
537501
913516
163433
554634
158992
961836
888063
824163
424511
92703
646567
14000
238942
954118
325293
835872
613892
69534
348926
452214
294258
872262
383336
166374
151124
743512
670029
119057
912528
183431
12242
457874
505000
389174
107133
585388
27274
729996
455969
989978
891389
434564
165040
93841
502904
760042
764462
40309
927995
497539
297232
626297
437750
989852
51754
32377
740618
367141
217363
202651
435245
817092
629222
227777
725667
383238
96445
236324
202558
33317
976965
624529
794160
743711
925641
803059
898586
682972
170253
134181
59936
213963
661900
769052
433728
947771
881229
890483
357994
414399
588778
162818
437157
453180
154734
499802
146489
314875
632449
296275
887069
232662
999665
353701
68250
237161
381948
154198
200256
783573
986369
625393
579384
315650
136879
592793
946609
424440
892191
748726
625829
168129
751836
904502
779771
862949
763861
819021
81867
605112
851129
851397
117540
984807
436016
769638
299307
282617
363832
214966
573645
532418
51352
816090
803610
156800
125878
360203
130557
143936
887354
457385
379452
753205
997435
756780
73676
989090
740511
128658
495465
746895
489442
52323
224539
812719
244874
918287
329924
339405
376979
160566
868737
946520
303130
180508
620242
317765
268081
929176
130268
843651
719684
59078
763923
548188
961569
178732
264632
75825
37961
314548
949135
915701
383643
49984
152113
449275
674086
649544
530419
663597
690109
632105
376815
492590
848501
413734
928068
808421
853378
57400
308196
89173
529726
90861
257291
745352
602233
887470
862740
283698
743652
968892
915383
10856
689348
28060
347014
825976
529187
388548
882077
162612
926746
981547
455325
101343
712337
207349
443826
834131
688967
969603
970319
270791
658730
798472
143185
674682
89469
94849
507989
874031
792472
225704
826787
60759
772211
779541
273687
53884
705583
177934
442119
657711
37121
548312
94909
497318
915634
992143
367646
767764
714049
619139
159172
629440
215809
186096
930869
486217
42583
495538
535931
647624
192083
274106
178965
195937
219663
664747
463549
294156
529884
152145
665890
599442
70618
983740
597786
8847
958650
343252
774536
538420
726132
988603
338909
269146
242295
25331
128271
705670
466070
897360
484514
730943
181122
869567
183534
395127
866396
481357
20221
97367
103957
88154
23511
176113
510397
532806
723660
305686
806480
151054
934048
726078
61919
13476
653189
930975
199056
548575
444195
605366
673616
633880
307799
52025
972217
6911
278482
249798
491992
841845
799300
698477
659491
930862
207294
473936
571580
795802
567127
58731
187009
113062
147904
598715
435403
785114
112602
506656
981374
117939
163053
184942
944490
236633
237342
294125
624256
864655
613740
841003
162114
494034
360521
818052
911122
10609
71240
29963
491359
743172
105122
24574
659943
114033
351875
618871
696533
732615
431352
68328
514613
731759
309114
46782
405484
399568
196844
354934
448573
683176
590949
185578
324154
661007
39159
27120
960448
678521
795745
889049
322612
514183
166254
350111
655290
729906
456982
570291
36180
357317
947301
113026
22128
432211
832508
442709
163619
109931
845638
655726
520149
878696
638737
836956
451380
95998
960555
435574
566590
642535
846472
910449
671037
714180
391954
392914
277876
701366
64988
91279
448561
649898
637799
472334
870954
618804
612891
570173
890441
578519
353083
461273
340250
420638
369442
607453
960889
149854
380713
950385
275727
92991
859835
419454
966610
485320
525679
477991
911794
503855
181944
595172
498604
465877
922231
599085
908250
535696
53048
159707
566484
214725
131433
743180
272009
378407
266084
356941
174357
708540
507711
719472
429665
985506
139580
315902
261298
40793
468848
104380
896639
211451
351415
835873
261086
410285
246496
552846
308896
9818
889899
637320
646345
778348
267188
970976
39538
781200
386670
67074
490422
974977
655462
730470
781132
63916
840547
725743
273582
538334
364606
913189
645511
152495
364774
999784
410028
550500
782119
648188
338849
150249
736452
297634
696886
140132
447224
7280
58288
295838
446521
622492
243604
792071
416268
52518
694473
170100
628843
234262
296619
878651
63646
477196
399006
808809
691705
478667
921149
311853
549220
774532
590749
704915
861332
520501
792678
923306
106207
424505
490312
514258
1956
333264
65366
907039
32324
894168
569920
590466
353040
906561
681073
10099
899749
464016
208455
305507
757090
11071
345357
131895
372697
377500
405153
213152
479963
735925
691049
763434
250315
627074
736520
134298
9666
643848
223557
940972
638056
284957
586524
360740
175406
432286
57013
616428
546061
865284
458524
596731
692610
856602
743375
862042
924154
633249
817255
402354
147948
915307
798670
327484
932184
783551
874684
9259
299892
324056
315771
151537
513541
408684
903218
723191
692228
580064
492279
642106
803321
321506
630422
678094
740894
269355
815443
425236
320735
7716
526299
142220
923091
789746
11813
54947
569162
828440
124119
719038
895077
312479
796546
247196
182830
120458
603291
910340
709875
218401
401768
510523
157781
819038
356312
868912
162139
903491
408679
248387
978697
641030
585710
502018
227891
900952
379527
338236
960601
835755
41086
617631
373284
491548
580273
553419
78024
671820
807270
509290
467259
166840
122535
487790
134067
15931
641455
302308
261818
847629
586495
363418
916256
492045
270724
33333
142067
99222
215114
659531
537567
580377
655505
926510
501158
771392
357284
718546
842006
434530
489970
190890
598609
91352
543222
73714
478043
844570
443496
45584
543948
268564
621006
395969
579843
634384
314107
412982
959613
687721
291042
94466
324279
661042
148074
299079
515523
306318
54807
150603
98980
800883
834896
502869
526923
563234
451798
605730
925600
820215
198311
398585
326925
260580
907426
111092
624670
251899
914789
90343
316487
975006
903758
795555
357987
623837
55174
819921
610707
635450
675799
893837
42456
240312
818456
843522
9040
613602
31905
691128
494838
653426
764258
432497
162132
906078
696868
207345
91492
294605
923407
514647
535126
690354
678737
398629
301964
595959
488067
842459
410181
275777
771572
233487
327676
824498
750006
925122
116528
546541
633189
295053
34947
732419
911066
754571
323941
889617
574310
316224
986309
172716
351341
700078
544227
634204
713204
471938
341168
340323
933826
778453
237253
11972
166622
248349
350765
712527
193109
615909
612382
257215
826085
414144
80701
686726
907021
195345
869882
686107
694908
36240
802125
347462
412529
381936
50210
859937
649782
868874
726777
217854
577881
733334
238836
973478
898213
520844
844513
988552
652455
540491
6004
889952
448238
734616
551469
385942
923318
442523
587897
831308
926134
20725
917131
926900
655708
359741
256936
744406
686714
424891
865044
820261
509664
608362
749330
722666
719348
192584
812607
349448
609055
559703
441528
858888
898939
692948
931601
928121
898340
860199
762737
471700
517216
271142
435047
920895
452102
493988
1973
456925
643313
230229
551153
699507
258874
634899
926041
268898
83175
765709
752221
90603
266914
646400
126722
147035
773860
251348
404513
45351
608605
428239
78367
245608
132664
963833
787424
577584
830434
435567
399561
270182
700296
853167
409967
432379
373697
934729
548208
995448
543956
753771
468479
953452
644514
125785
339413
781063
174677
530275
114542
132162
674559
80276
164495
813554
532009
364370
526416
194341
454062
947178
501184
846386
790300
626579
771906
432099
537199
964374
958356
217575
454968
148064
235858
739299
307070
449607
770725
184499
403185
393760
932781
523058
723025
523887
763170
164447
772763
548684
885572
342783
387638
197311
213573
522964
900672
544641
828772
372329
935452
733420
908839
367750
381294
197577
380215
454210
951641
684197
601805
351286
863498
819052
905057
183419
785544
705926
370421
496620
700452
483823
491325
644335
352245
534305
82995
241524
327722
170247
941697
574601
770906
870782
565504
717799
140570
98266
751180
440337
318371
555283
944872
990838
449098
7689
380304
952791
222881
809014
349714
776729
739001
324691
735881
790427
811141
472043
71049
17694
342566
901676
435351
942120
94068
211117
496878
450801
647732
670740
604530
266061
932510
97247
660176
570347
718717
427735
919596
767015
249126
649554
251298
157815
223260
95184
452300
632638
482396
409383
227777
98142
840380
523639
126865
816341
37583
626783
894812
753452
647526
289157
878885
856159
29787
827725
950378
991388
441507
422347
894812
754475
321527
175691
268321
479818
857772
46128
496608
376604
157415
9715
329460
402518
346714
371797
456796
741131
359883
205928
524160
799546
901114
892601
715217
438401
46326
831
512122
126520
233719
380228
320395
290252
818057
693797
42980
33947
993732
315601
602396
594318
30035
105391
673048
70126
649078
354668
483657
252014
574423
444340
597361
150563
10266
200114
316828
365911
348929
436465
989489
677637
218390
877203
3357
338901
213792
573540
23562
742017
249041
177956
165871
334525
78379
867923
234396
561856
368117
409915
678826
918408
482173
693870
226662
884090
808570
566159
672083
306500
738258
524064
986613
19137
277716
735867
132443
531526
277961
471505
326500
30280
13354
456243
230589
87860
268722
709467
354880
106899
680870
456798
586129
339396
806894
101022
453012
979830
34903
235278
667595
15484
150534
567192
59671
296772
908866
96281
434996
119264
531820
802219
181312
311621
919997
395430
352342
558174
715948
13720
23469
302812
39932
820718
806804
95158
76479
715472
937267
347255
526340
620025
92847
417739
61145
682932
371936
897077
688793
778987
153162
323229
643706
915945
765772
320139
742949
354937
759812
592004
244044
16124
272455
105709
260836
301915
864101
874564
922315
734198
354396
867910
318185
277877
145453
983733
40790
994678
759681
825621
894406
66113
716384
811254
870628
174499
28019
66453
91870
4751
853319
248885
594900
817630
408875
908481
866919
44135
385822
247876
142821
331039
669175
860873
341930
51756
855428
516316
125894
316602
462701
970686
22472
830384
620259
270137
118095
515638
538497
254352
137099
731959
216176
880358
83094
781773
828144
436615
661253
392867
353529
143973
793098
940800
980641
319276
278170
650687
156555
884119
163983
691320
581370
142059
221687
920816
752344
122779
352306
152515
513903
328478
133916
928590
281055
364803
341147
543623
144336
337346
242424
693109
369434
238591
291681
17772
928301
198647
805108
880814
896963
43653
498132
699486
206471
364113
909490
945991
614877
437975
846978
636939
77338
329875
626612
542588
626978
993172
377942
439104
23045
40700
238260
315992
400515
56537
748759
585386
304261
512693
103191
910680
807668
126283
298422
26336
775848
561688
175182
605202
797336
437032
88941
504860
535553
340205
733680
293717
387972
865162
978659
359408
310761
175856
417748
592542
16643
367632
902557
236217
532275
669592
782328
391381
962669
991422
836422
790330
617778
668518
99275
539626
244547
423613
379735
132353
242794
673513
495495
324173
98490
824342
893792
14087
757174
573043
765985
501416
280195
485608
729610
597686
964053
508356
705623
678743
254191
539587
617138
555964
308377
804221
424371
319250
286735
44585
135202
759855
171247
239493
858360
409475
906911
78570
536930
837632
953987
304696
980853
160346
970948
261266
874107
485108
153802
833678
887377
601048
763526
481732
827840
383847
368101
491932
903748
283476
625671
912173
516378
338520
485056
235602
943491
638754
13626
607202
194527
962631
559341
214374
402307
638493
571236
49438
567008
446765
560692
220795
231543
840297
787849
930824
632905
878630
796210
137896
87478
71769
902417
445513
880770
462981
536656
936826
402115
819993
55474
347507
348240
269696
783779
79702
928605
460055
525824
77791
523979
760298
610094
465283
776754
496179
444228
837702
191611
354457
606427
62948
493797
412446
431105
108852
595908
839142
121791
472424
434379
546371
445896
782114
497974
419360
316120
160240
804481
38597
320819
625329
921106
407642
108519
788927
385454
166648
685760
63308
709016
435980
462244
960709
544533
106887
89318
533417
746662
486674
584559
432597
958885
124847
814054
14471
856385
843043
456516
103782
397157
766351
134049
434725
511332
753481
636547
496663
161020
550056
974413
335649
117136
988052
950667
640742
171194
678524
89022
897444
403029
216414
747715
580850
377613
948482
57939
533789
3647
375196
147606
606474
165713
406876
495597
581587
647433
134841
123593
593187
833372
967343
478098
521111
659614
207083
311704
968308
433102
341381
629120
835152
925889
183545
1290
291056
2208
683239
243875
99283
214030
515268
365769
93379
864934
189318
587028
608895
36968
807083
87365
952352
503865
687776
887830
275712
242013
906012
786067
526196
969451
177715
125943
378255
641172
80807
261334
147080
950701
806192
890041
141932
745123
659772
467833
101740
144703
667206
443025
897413
515791
271230
503834
164996
948405
692994
647272
294765
567632
296660
704999
485236
713794
706209
626726
733032
876082
241524
416563
818564
964864
145556
791712
19517
535771
525821
223402
661535
419694
493454
733092
204254
959598
573857
153336
10405
736639
735151
42831
970292
343772
227361
928488
962595
54255
737966
882962
620435
637980
505943
477209
223159
874167
893240
332765
749004
277267
377193
583758
274840
568722
749447
974390
982142
353147
55885
517527
88687
912461
345949
165105
218055
762372
614484
181735
868091
460624
698289
297035
114969
655298
493967
442088
565830
63931
119738
772699
91600
46080
47727
442548
552125
142432
455527
257930
194890
262933
680503
899120
849539
332870
98272
761344
692941
37604
507607
81973
821926
239567
383246
170236
747573
334668
568950
793312
671572
969989
82888
129602
667336
47857
41866
242787
480349
617555
548139
734486
27255
210285
503776
375671
663681
96914
97180
203345
790572
641199
917900
875031
889091
152103
426888
980026
271990
421332
208252
740559
977415
591937
189414
131459
277144
472990
937564
881192
365958
895258
152566
836038
394619
267051
550681
141598
618197
645952
681972
447430
413572
736544
42258
887889
945472
286557
629053
458080
751607
595697
393668
563237
546942
548634
381057
245564
695397
293094
859960
520463
370808
169533
771940
201695
284492
475383
972811
974690
133867
505634
969036
906075
690506
140133
438367
662320
300271
188592
174166
901170
961776
519452
470490
686899
19148
582926
475218
347536
379569
773627
864587
110104
965347
502784
155241
436182
627880
652018
591524
628225
908655
486859
480084
445330
484163
305764
905495
496287
217825
848294
728790
467718
269407
909233
563869
670711
814901
773523
936532
447757
520704
982538
592926
428595
236285
12536
588329
126708
85284
457552
878350
761770
251477
878773
21070
487996
922798
739259
621020
109124
808484
230046
390187
778002
297040
106177
314240
815250
329883
832745
755761
678598
393119
488731
978677
280769
521855
527914
69490
330421
794108
854200
661086
699741
167029
842375
199630
191673
930192
205889
168451
519137
870787
514160
328484
650805
574221
228288
58744
968605
9042
891830
727100
463821
561981
33322
260536
727842
362787
177011
629778
402193
529146
582953
889207
789950
237723
298781
755379
962279
996447
490337
425283
865689
941297
111779
175684
699716
135897
162062
293107
730317
671389
626233
775165
209297
510484
767616
761728
883763
551797
712829
337070
13669
631931
42617
141161
289864
129177
218765
817610
343896
982912
475168
939755
506791
617797
806241
956822
449682
486384
730609
951199
709882
787500
345282
22724
781728
434655
732479
602178
838316
480513
679447
984363
895778
636631
457339
486997
502967
795895
281862
743080
912579
482532
369019
709142
475943
21493
704673
426376
370301
586933
104270
492125
672119
799130
271354
300356
656930
59384
651070
950169
431184
247751
846399
110331
306268
108772
803265
158484
503420
797629
854379
898260
726599
169908
888653
885375
175719
490455
645932
952340
187052
674127
726620
627265
520049
414339
922277
785260
781337
809475
882904
843603
432099
80702
427796
443340
264322
388111
912011
596504
653647
618788
333786
680303
448611
979268
309048
907219
698941
56281
741909
424153
167928
854728
401931
866015
462655
228004
732612
689715
257032
351474
212563
530545
292367
574098
980959
431974
708809
614217
776328
755174
805285
777870
356270
89250
227059
638162
329387
849351
71578
148799
246492
676841
51024
574626
593185
160661
361315
820358
123687
701964
681253
409382
2433
822657
470154
834661
872430
833471
640686
422688
227689
902444
42702
750752
122107
436111
978888
230389
291507
996739
933075
618563
416199
880449
113972
863095
522808
823863
155143
616612
803375
429891
584322
977124
391279
476330
576554
875811
524756
76041
375078
50647
160675
256409
548834
818965
916916
777759
526889
544965
409753
680477
735225
647087
253383
523839
618991
976657
748740
597574
797628
531508
286837
287443
987187
990272
653760
551388
805283
912966
151751
844363
285540
649470
643636
942621
586169
273990
429768
880606
360482
984981
412394
943306
538719
517434
390070
201353
865611
505686
533431
177950
744633
474726
202070
913210
697578
625950
550590
71709
635375
902220
828306
650714
782115
886610
341197
489086
814081
406415
578864
294063
189086
873496
951939
339565
254635
936254
121466
553919
782109
248340
637815
760941
219624
787227
994730
41813
616935
308675
808491
204888
298778
628641
101766
642494
234967
652481
100965
917044
536579
218941
516906
480366
283269
669602
517198
168432
304745
427590
819866
757953
200008
285332
267238
818052
888509
684113
323004
520499
51350
5712
397367
884822
888436
689994
954918
46796
398305
31280
296535
534938
820017
209276
924018
369456
928142
668691
770303
343569
34221
487223
540403
213790
254116
652330
356181
336486
563258
780585
143380
309107
322218
910625
929153
550418
515646
135618
767593
696169
18973
734188
217757
807212
939570
232581
985492
119663
876191
386557
286080
651040
71002
917066
32642
341043
145297
422618
980500
245157
531990
592106
956972
899514
388591
688265
163832
419895
238191
42953
312727
80661
261026
342972
869973
394685
783939
101985
729384
690719
369208
2565
321990
894854
579814
305724
369479
773362
538917
181493
784758
894914
523262
483553
399062
798814
594529
636149
386366
335747
827795
350594
662784
691938
867837
41432
121753
514184
76429
755320
443085
565005
944228
507023
89995
630804
10585
90339
637276
49581
409048
775328
337202
9901
890978
778200
79263
288485
104975
438725
456977
90507
716265
29530
689392
958767
520174
218579
712963
992855
581749
189800
583898
97271
695224
632335
458252
843113
781143
906858
208348
596667
979608
928401
630692
925792
971533
872981
119227
184366
704322
364379
869020
931437
453859
9441
815804
456995
490603
220801
564759
954121
773186
934225
376796
438026
319289
973499
70697
270988
353050
899497
232347
316331
289913
525045
54500
269250
651102
260470
278402
273352
579039
127827
359882
652582
900442
393830
674271
51687
969495
613298
788339
314929
483950
131629
210735
479839
120971
118852
365835
420765
636995
461122
2336
926166
595793
356508
460708
193897
631366
14237
17663
498827
210118
193810
308374
590444
232765
489595
746815
658259
837710
828854
822630
667408
65409
724041
59748
729651
822897
508264
72407
755601
385443
476729
994020
543236
289414
641163
354840
802626
879670
521978
569077
135142
787284
871263
378492
646655
442720
661251
36141
266862
735327
89333
630193
30478
864840
357160
108773
256593
64031
400268
952037
778798
472200
186756
802068
61384
953321
473525
287426
467871
113926
2344
801986
673165
566845
664652
856830
785059
677191
950360
463526
18016
545108
268049
788930
302707
632341
150875
381329
746448
558205
686566
451995
398795
157428
607718
759960
924136
129141
61402
571607
464450
508615
852048
829388
720525
357490
301257
282750
468741
242517
23345
9899
185442
469547
111190
160198
469446
21642
579460
914112
816697
782622
945666
844661
655822
243273
478324
820119
360204
342563
355642
962603
467147
368696
95409
501429
388351
551637
517347
830519
928888
886920
727613
791052
741055
793510
333055
746627
841735
353694
423491
282875
837294
974948
524343
638396
628306
872424
446106
522681
188379
119333
913365
327661
919215
723122
193100
600050
798424
881237
185496
229198
533136
535922
297835
502721
522078
200485
479200
394696
451119
949102
78150
571641
413013
924906
681682
208012
619386
115475
369799
223076
650587
784018
57850
948964
230237
989239
507958
564191
376299
731302
18780
382043
869571
886485
994697
287171
467123
434482
592232
220841
529725
715873
889727
28960
298058
494227
730143
184508
496439
685973
184423
267069
490513
551279
201592
458161
118277
298622
377908
282540
120786
619796
994483
460115
600911
97389
791908
135688
975018
943773
749011
630687
504423
401558
149032
220210
552275
467892
443355
379973
815427
807072
972743
48630
884787
176549
919160
34984
409962
3710
834586
956983
1159
568754
251550
223065
906088
25028
656461
961182
769173
512805
822936
767044
367964
120710
193016
207050
791711
228269
946453
310028
151905
225252
215550
328479
345913
379778
921068
114349
726689
137481
918330
554639
135557
231830
858514
649579
756250
568524
484648
26620
662404
976327
732000
855059
488529
198997
468119
428081
147332
558522
507091
176532
108699
798168
513288
650712
263105
918417
996635
26290
852720
857845
216880
115550
507515
601311
187896
261039
947120
702372
571062
995177
262570
631029
538073
940878
968823
925593
148824
680036
778367
283546
554280
610638
147606
191139
866035
431005
820497
897705
351261
831690
73952
201880
307167
490835
777304
634645
276345
251175
783460
986112
475490
841663
227276
463827
231314
448839
197658
660517
116442
814896
980989
677194
132697
289552
298865
797347
693780
513236
811363
973532
716671
333900
834667
581234
524061
764855
519732
589197
208262
370679
253807
427040
296783
448021
512131
271696
330196
661053
735000
89155
326377
940221
333101
181317
958421
658258
971844
385335
438642
820085
591312
240831
622419
184427
452999
522731
499529
330205
572497
266427
117505
612166
632765
465021
710638
189311
394570
32294
273868
347422
751440
194916
575663
156278
678056
855612
710629
792851
671667
270245
422668
616712
669810
258250
840471
897264
508508
906362
116583
511117
495194
428445
151012
511319
526902
311964
331781
768308
510551
315699
513068
656686
939704
900424
981455
399921
98474
134082
441975
159326
411340
788141
779265
73010
111848
436576
147987
644861
223439
327650
699968
284919
988281
335350
320510
593537
411348
62756
68145
314293
670491
922214
479165
768559
322005
913700
509562
439369
18977
466676
552559
857023
721284
621813
661838
241038
351978
403060
861385
354497
284307
344578
137711
790920
484421
632190
287592
389666
214115
999038
846383
684903
350274
685986
670023
934170
228901
942467
678496
690778
194100
366732
57210
389379
532598
231278
362633
553971
682940
951889
710474
970079
921418
316747
551494
254737
761936
482102
741810
806836
901841
916973
53502
179796
383374
65628
754133
601108
379833
62790
122666
180957
967641
529367
306808
370664
935698
874117
268652
282576
91138
404637
891989
579996
249887
233563
144064
937529
808668
457448
147383
108123
684955
100597
835949
84718
648190
584255
598334
339403
42057
388011
394078
707098
767996
23149
418787
619329
737147
300389
516723
67154
953445
473003
305671
908768
219074
682491
211540
791753
830244
985875
152962
19921
173729
289991
476185
820432
327866
328458
189696
117695
65491
845438
869224
658792
333351
513790
330782
621750
229723
463193
946065
387393
815376
83457
278596
788449
910378
225318
137551
313838
46602
632375
545863
332556
909503
805790
87323
704050
336908
466319
635861
318184
857882
578024
18998
69848
148293
617193
991509
995325
701305
374782
489853
991820
509529
718428
341804
510676
836170
896786
259403
428443
55444
497470
770970
840812
905441
219045
189067
993378
321745
916552
695629
982106
960692
434665
850862
403591
876450
159076
292931
103994
349596
666967
291382
397168
246545
372732
771740
946193
962423
225655
142994
970201
881356
486574
887379
954573
812109
91945
876893
655448
846271
467326
262616
302093
26301
427457
940876
417737
787518
353355
147412
114528
33657
483331
228292
531872
245966
17357
740531
381657
597169
372865
897110
950355
55327
446025
607442
604986
896601
848554
433577
5492
329570
683411
503358
951073
37835
825896
418374
859625
363743
355925
713456
738504
719687
923394
672585
516535
201554
119729
749689
849403
75783
94874
817380
396798
603093
89515
927049
725506
190052
721626
247511
891666
486070
746520
388455
582827
433575
121482
452417
233181
33641
839137
781301
487140
17579
607981
880533
890942
250993
718085
919043
951294
369151
231734
972862
449349
847832
687664
502224
868629
46230
495044
684725
261643
8062
914760
343736
136994
942913
787880
211132
143423
641411
722806
712129
421964
781657
656375
237268
812794
176207
615201
385839
461323
379635
104023
246345
387949
397886
329889
610090
714046
875728
197210
54899
331498
855079
647142
248479
523028
706062
121895
175871
340293
679725
704379
460895
89499
149428
343201
714293
774408
179482
775371
371804
555439
183005
827417
25308
854182
756919
891872
370686
778818
81154
174799
826526
777650
296714
757323
746263
812333
432868
860177
187605
718225
539780
596102
608368
171488
981604
709796
698047
350822
42816
372917
372106
959887
866732
837703
758050
708225
389304
884114
155026
120623
189738
127931
293754
510890
693978
469649
135651
302885
802465
838810
718065
95438
76706
431130
977607
56658
914996
358237
786373
891681
48092
349623
354109
357940
147374
247292
765406
124025
150533
894438
175879
98435
430671
647288
920165
771284
261202
45385
88288
966429
404089
173166
480243
622665
804250
406153
475552
852776
620308
48014
123757
587873
890312
566915
432597
123584
139535
222792
605217
594976
733600
865817
457030
9147
848993
491578
295861
708305
757725
677495
860538
447226
531791
887698
416231
904065
186837
60534
32102
968186
425179
167031
879962
69644
158820
833365
703740
575183
171433
448503
383314
494259
579136
403178
766786
320595
179285
722963
307228
600116
540660
513026
62350
951890
11324
387435
395017
664089
99998
65598
871209
570647
727042
259209
174250
453351
356818
874080
492050
109254
699561
199242
841449
29326
526091
347412
976527
175482
296756
528249
638378
415139
38616
461554
268827
970874
463240
501052
945541
920781
483204
930219
377663
781573
432522
80244
116258
598075
13781
75179
359394
273893
941838
958452
786965
299446
345300
366311
595817
464678
267335
378880
441842
325262
125644
652989
109004
960251
497735
419186
576580
333245
599789
644117
972552
232771
488345
976800
884211
238587
996232
32433
687664
767069
860623
403688
623501
825823
452775
725874
362844
578554
541194
449236
943831
887118
526287
222974
796726
479508
937379
961155
91445
400883
551287
191280
401666
690556
596012
436948
443909
749368
470399
467673
2902
281121
458332
589672
126215
157023
559492
252347
56269
929835
443034
644038
200974
882862
220729
519652
706910
737747
632736
243899
501079
909995
595462
999674
437769
761489
137058
237855
593657
883708
528493
48178
103391
412744
723303
195235
990822
391999
470354
807275
953303
159924
118471
722773
785227
662233
832127
229407
546089
581533
548469
558490
451044
926883
190366
210596
650209
214744
595930
27015
323923
362000
202398
722283
644874
838158
980005
998206
335540
722326
904381
834294
693769
616482
580217
250938
621680
741488
138223
748096
431006
938953
62389
384428
683211
556017
967375
783906
751520
641636
771268
318179
161281
936830
280119
292629
391650
52087
392476
472436
876902
260438
209044
536978
443485
750127
576712
193453
118529
383523
620071
635650
842483
693501
310127
973856
402059
61371
621183
51096
544062
706202
698700
475471
612238
965208
973545
630707
674437
702599
377334
613004
661848
999510
59609
357289
541378
247975
169154
955974
98483
376920
731299
487899
864730
908972
74868
534989
968091
826265
386689
8511
53708
969635
890246
846592
384193
956717
512476
891918
516722
918124
825310
922045
529995
625053
231630
791742
403245
280068
796256
860772
550562
763064
568420
916409
599575
491460
813234
449067
464525
161163
652000
660498
974538
505720
922887
415011
539278
45952
139296
280905
349351
686483
130635
185580
377485
834699
899780
332354
920904
878839
246330
477222
823491
683905
136544
264154
955561
439524
515347
868337
224842
330336
834575
261175
997851
324403
344487
241806
86922
917998
831102
792338
231521
747457
950968
8470
892045
29057
329197
341513
278446
724945
479288
489976
598280
258680
730078
889687
679651
659669
58415
907072
401592
168527
804666
975951
541549
657020
857184
91593
866849
278723
580604
959634
345918
100078
222084
127150
245499
926497
679980
288976
711722
660968
982063
126945
465389
862608
188894
20946
641688
409400
739668
999580
43695
40890
384810
492405
560815
120435
825272
835543
303740
466374
881693
83371
758584
865783
922291
414273
595264
278748
377141
828567
712728
303541
232253
657965
783455
234380
420519
233598
831159
838193
295015
721875
473865
767309
420132
643196
826657
739548
941638
377520
203170
640893
387366
748680
694486
35120
658297
561731
458095
521000
26781
992667
878763
48769
782957
46322
220237
242422
112986
717204
886873
16840
457982
561827
154585
910667
177544
148893
704959
442614
108427
843242
441266
518279
843411
780058
383268
569927
439275
628044
106807
354020
668513
266246
527696
315911
153082
454494
835780
986060
484553
98728
698004
921739
615743
537769
487261
527230
933654
418821
510675
350250
666040
737670
318140
688618
68196
921189
116209
396783
751065
681427
563773
782146
522572
790455
933961
715552
203862
561796
381554
489006
956447
255563
404524
689058
575892
618909
736030
614833
497000
109972
141641
184249
71687
253467
341692
222188
503489
846049
243085
305766
850997
298889
563391
625749
882901
569098
152744
423798
726055
607308
809964
9937
590767
844076
202064
712693
460311
648449
996729
279609
547841
245045
352223
647367
509907
738175
939784
382364
359995
137994
683883
259713
346402
390141
392526
477280
349510
213785
770850
915933
548122
566153
262278
287155
587205
624033
974740
978178
456666
339586
39030
592216
198785
291324
395813
295721
46287
870220
568971
245315
544795
163653
111449
998773
233294
680912
285791
307010
923046
655749
929741
499956
899285
732223
733331
525628
441628
473209
997066
6471
889501
35371
251212
348657
457260
407412
464526
429926
825656
71285
461909
291981
122175
958176
613109
580065
434915
161315
61989
557973
936819
973715
662499
637634
793184
928137
385352
506909
572207
109518
680580
500845
519398
653046
644516
559856
500817
412230
982834
215481
165547
851363
116352
517962
928740
365806
913450
366803
38680
823175
295158
851356
387797
467319
955204
930139
395773
971682
452748
126152
390360
642158
714975
272661
785751
522874
720935
225341
666504
343546
116079
884479
521538
65563
809832
898199
646300
796869
997105
249714
771609
348639
355795
847978
302984
947686
552435
841915
410231
75284
67113
851716
199908
714097
700394
351069
523623
838046
196105
719066
580396
471768
826142
61491
479113
541172
698973
576021
559156
591670
614692
592786
915654
132338
439792
400186
321122
620759
121046
563080
590954
516174
176865
820840
939534
599618
748288
254941
337862
173710
699319
440833
949026
37319
244023
330440
462174
2422
241823
881305
672989
859927
831
1159