928466
115908
137210
631539
973735
235787
959992
881907
506037
62509
141919
901240
678669
148470
440255
24732
62220
988636
831365
41662
517670
653441
725180
350059
288793
793316
664519
566168
319807
615654
556139
521447
783570
960309
529544
92554
713822
932726
405478
585602
228205
65156
682135
794306
697846
856150
433216
80789
908493
279690
914196
336828
907687
955701
414710
875116
859046
375082
321152
328631
678533
103731
620133
89032
690419
473095
211643
68862
886876
644383
707396
141670
331590
869059
208071
833361
806700
77282
38903
950834
694198
790557
135294
763330
456629
236706
808248
870074
770362
434142
706374
425845
881074
933292
236187
231535
247524
581879
302610
39360