879478
726662
653650
349961
558077
899387
79051
965930
637952
290756
711544
616946
758283
114625
782808
523469
733235
921911
826294
403568
70419
724569
557425
213772
421818
830891
439867
597214
983394
468899
463038
639700
156813
295426
211627
35252
130842
682936
577856
1653
230482
659815
510997
337212
673942
956118
354674
343749
607342
853277
580116
196824
54319
898602
997960
219368
766949
314359
247036
797035
120525
907173
177768
513455
259531
856902
789301
349475
862102
582360
847737
723718
922526
381886
161375
763802
555185
208520
194345
449222
561696
716682
740144
654380
939942
270795
31623
93027
999763
672147
985388
230041
605054
185341
890858
846700
454287
375888
68092
957653
493140
467066
57596
175451
574757
102730
331998
253828
733784
617371
834722
690894
994928
315878
663379
370530
545769
154493
549569
982716
25097
892097
932006
757326
889680
210877
262542
710888
425430
18741
633627
861772
236461
580833
715487
243407
113711
855616
462106
697418
31338
130926
252099
652448
964114
532299
224667
657173
905583
227139
516476
486151
805846
2480
253088
852855
963552
206049
242654
896250
20105
782297
252896
364148
222057
22078
314169
944690
414431
230725
555167
724581
9681
542377
558630
189265
865293
635822
316739
200682
937978
897970
197258
571965
677082
946152
882987
632399
801312
730706
496212
854487
288826
666140
464362
759155
365944
109724
478760
365081
27806
308060
158484
78112
107236
428797
174690
550588
896707
503105
63122
134652
833418
253361
935326
146199
316782
665825
755349
466953
49449
612738
892313
276003
218014
199754
969261
819745
67138
351246
642414
451185
977346
80729
554800
879657
7051
921591
644628
510262
43668
99265
104745
321872
609429
365079
899218
209528
233748
199182
248391
828470
120229
164056
293220
970419
64628
121828
284821
713783
360223
781487
870795
101117
321963
456586
656235
808587
523255
326551
692921
119037
395937
757031
821763
371501
158222
426018
966091
258694
519676
363932
972429
958123
647426
994936
73959
97641
866345
962286
165112
750602
403950
720974
384332
984019
383914
41225
982127
443905
161344
200964
113971
215241
215880
604611
884819
550709
877871
145864
514770
315401
649951
360243
457165
904031
612005
783973
258999
970219
98121
37925
479133
177086
849245
524002
67651
656028
110224
321775
529647
192200
859814
347498
414001
56345
100476
179005
285592
593261
362459
815227
675169
516263
639738
924705
871377
557500
313626
857109
365415
573717
561753
5603
737102
703713
304776
590125
568387
304479
76155
728827
297206
40946
249979
178940
556199
148385
594829
54741
512181
90158
782928
940650
289172
831780
235527
189235
122882
159518
172743
116397
604271
134214
339266
181997
788958
442820
371364
891110
322366
551374
216871
789851
426549
908085
369801
153528
792653
232395
35315
284603
842395
592399
593629
616955
680950
240025
928722
398190
195032
727184
253423
676823
969183
375626
667383
986582
673857
65965
524253
692334
369538
378707
21504
383091
353610
30391
377596
86405
669627
70540
573666
698983
586278
831031
679738
219954
656445
75937
445917
415274
204330
222297
460975
290554
357516
529182
312738
766348
162771
558096
624853
972761
438164
373813
353432
740192
790156
226518
722211
417847
660074
14833
232364
182791
694980
459602
187015
892123
385430
380359
962240
469353
667051
127438
379042
512814
138204
624153
222936
964253
116459
683233
685110
207299
358653
258191
167280
213193
189253
491840
465185
164023
733044
118693
815162
889793
850731
944728
638166
62418
440620
538656
840480
152737
335559
113796
39137
893058
422855
326315
270879
152026
695274
132585
477371
528262
263204
807349
934302
763047
836665
34683
591865
702105
743866
797466
531468
417317
245003
321953
830913
743107
292135
10895
843647
129726
651842
248884
749410
493619
743593
670064
527839
501608
269907
907600
282686
602686
432201
706225
305626
962046
923576
275056
347779
386546
727619
568541
61856
230997
154822
119607
302195
91463
948033
815242
321719
263908
468592
269615
52326
157528
275789
424316
139095
47853
492659
221795
174790
875979
789452
337460
892212
823937
368370
932787
163715
740309
776316
594246
836384
132324
84850
486194
817277
77295
878065
710000
476667
334552
398163
560299
978979
27791
871412
241844
708808
175218
619909
570671
949640
940676
99570
219236
256346
554208
724315
6554
136055
466515
307103
167732
688487
849707
965537
885633
240408
95909
228457
58645
737284
658860
518177
255133
33024
376929
935369
316450
645832
870206
108173
326053
289966
366844
738601
408038
159618
638494
255389
729773
507343
124612
107828
908609
413071
77573
310519
105493
750284
944800
108784
384237
780221
461051
522942
508080
294402
517185
617167
731054
759676
557178
763881
741433
925952
149901
656476
951704
759273
680203
565804
734136
333222
636083
491766
439070
332319
771737
245999
162562
301538
530467
896943
585419
505100
112786
435705
370458
649627
251105
270063
583299
323119
169063
241134
462896
852444
455157
160556
45615
514007
778466
655551
974110
58369
914193
69135
403665
779486
458141
431274
113042
985043
26102
130624
810162
166752
174638
756886
497740
892282
767564
277649
517569
344504
560687
854039
142428
320160
969457
997419
131895
437428
638244
378208
746138
173741
940567
653691
495033
815223
475780
307141
416818
506711
970148
334368
381021
622056
506922
114961
939626
978440
755125
79954
294952
495739
968481
883464
414080
274397
402918
714637
270823
241273
957291
754999
947919
446640
85684
490977
307337
453036
855097
671451
647607
488114
616523
454813
572999
390287
524623
537699
593322
391741
918314
469015
495678
453991
590138
849875
912140
538103
736658
925036
643199
436523
462654
150318
58974
392852
34762
653254
422287
482378
721590
78324
559711
762789
733671
979912
489484
38306
311880
509500
99217
412352
627974
508048
449782
395251
861498
87991
175356
982686
185794
622370
56502
98787
715425
843470
300188
674496
573138
200401
261376
675571
902933
868417
663570
892822
936156
110149
794559
611014
725374
807284
873064
441949
574092
927213
773473
567691
201155
472338
310555
282218
158113
591629
378203
795899
137638
596115
408764
810246
609204
757774
767828
229194
989004
263204
931521
415100
424285
652461
322589
565755
275895
443308
107934
252898
857347
170457
253167
524138
805771
280566
899175
356381
968324
358487
402103
187671
256900
780826
744876
608085
768532
928114
899889
22308
476828
48838
820494
847180
978271
130579
560480
350034
205488
884204
451992
578359
228025
704362
97269
703243
44793
548150
89476
820802
78524
263625
905680
310730
756117
992769
280223
739512
201077
52199
397478
579623
847866
399245
797874
928259
200527
591069
980669
715757
492273
150547
693245
113644
157132
528217
130705
895085
176896
383721
686511
944347
253472
170753
9958
729551
486906
866134
821265
871640
180725
847080
309168
559483
423952
700659
688693
667441
545898
431201
574717
933346
609423
100116
5218
436210
128456
722765
351465
777456
414195
189164
586449
93037
324653
857400
493533
984224
556115
426858
834508
710514
516237
121515
884913
110786
785596
737977
473423
815636
762186
826750
775712
449073
834545
264477
792719
173723
385907
22599
382703
249915
504086
393124
512909
221664
401420
106733
560155
893922
143327
334442
177130
662400
226515
700462
916299
656962
501699
600284
336339
196971
975975
525265
7003
808089
707175
958010
182327
982744
956376
983505
647084
790050
246172
494758
557016
931410
853523
42292
646345
254078
601528
607324
656497
51821
668961
937494
146189
552067
731959
906091
777018
957512
322180
51458
421970
426484
666662
223642
935481
149436
782876
767183
744849
466791
498387
80002
278145
504842
740411
755818
104220
409256
72335
102
785492
637760
835830
234618
965987
512963
435843
688368
258758
847594
343080
706226
518522
292705
356829
635752
647161
764312
423608
617984
689628
62861
177833
838061
23105
730160
991169
237382
312370
675497
448636
372176
625284
93394
257701
287661
536331
893190
617224
94394
443778
826504
34096
629302
157397
457679
524004
822671
884034
622548
129745
566647
413367
520234
692589
81317
302643
412808
878117
599330
59854
994004
875746
783810
585776
666195
3670
224896
711938
411661
448808
72229
766406
627822
617607
849303
456720
649681
57397
942185
597073
319528
752306
816523
253763
885060
768673
281264
973258
794389
510387
114444
40101
421772
13960
647826
393284
751187
938578
924748
209853
962882
85531
640789
400712
45643
989763
710696
941005
348398
129628
598536
372312
601143
52430
347527
293958
623218
704077
240574
851867
118519
662863
507700
782671
781500
209673
344312
285041
670432
83746
430755
159007
418908
840274
596035
440465
786335
443789
654873
956849
748707
481595
676141
806240
978667
397418
580679
364337
71831
388714
537569
124188
739407
98028
678692
213817
302137
166406
310760
149318
815564
394502
583923
731495
36574
906067
316616
442846
611197
814419
423850
877534
127932
681633
608000
32341
115084
814252
280336
415985
501746
163989
792619
775009
547557
694872
687762
704058
802328
416524
463391
554182
393536
299821
171096
899628
813980
569050
484512
900291
695569
774446
455167
15361
547192
987643
806078
155046
87762
790842
329519
159119
675770
771359
421488
279137
109931
786186
641213
403119
957680
101187
248141
275088
465226
156976
491536
384898
651680
591389
408853
911474
36989
17394
187238
484839
670228
836322
558859
783246
409927
227310
476304
990576
723634
861326
907939
373967
860804
107261
320235
577075
124576
741145
697710
16268
779813
692455
113142
816171
492059
241345
192417
673528
776439
203458
98356
643059
564162
872141
778874
776635
640020
351001
979331
756490
240964
737936
712362
829061
468697
699038
173058
523956
914716
735354
740774
195811
301339
746316
484489
421915
531060
797480
743211
116316
155193
693325
946414
880515
472515
887019
804969
420951
146645
918249
61728
594732
411972
643958
476526
977034
364024
456235
622817
653146
138379
519186
772562
942537
322110
660662
84372
915634
687019
725811
15225
178353
729865
989856
194809
348644
89383
148617
573844
555847
979012
797072
319602
488942
71474
743756
920405
564319
700919
400956
85041
367935
347484
361773
918967
181631
273727
615863
30893
569004
309768
456240
455110
176460
914625
933239
932681
13951
352400
371174
285764
665473
695507
993634
97970
514871
390638
537484
436980
821006
529129
849031
416564
448169
719733
741036
460858
924893
857710
689467
993397
691143
770247
803690
891593
614347
821004
993860
136088
21743
382934
695475
529742
628891
258856
603282
108219
287279
745616
905269
119279
948805
196760
652420
68895
191026
107617
666839
957605
904627
783032
562492
579202
781810
426580
819605
512000
260534
453661
88056
633727
212744
75718
743102
388020
280303
226370
45161
537497
12393
84878
560028
665606
441711
666747
857256
779619
80281
440446
644335
289544
662051
486959
802039
83084
996884
801500
871020
60869
416422
640713
5544
46029
315494
312950
432952
533096
436745
235190
460591
564740
66315
68017
420046
630137
812403
509214
55838
301540
32007
274676
208197
439010
34389
223582
131264
477671
912543
137117
488892
195517
921661
827629
55770
174723
700725
858871
169658
834705
388403
89752
487691
630176
256240
528089
844431
360586
899278
801058
988465
698882
792868
952089
293359
345699
542222
517866
986881
133972
627827
630780
308111
280557
372268
159781
137598
710935
221814
798103
597256
860564
519499
950518
360281
799102
276766
390956
500774
808543
506456
933630
750876
477630
618333
663748
845872
269848
922421
836318
317987
576326
794206
131423
865106
399878
396108
571383
711488
972420
8454
964179
185103
482474
424854
206926
820593
90694
380639
210666
644203
74579
518763
942897
772328
316757
47688
730982
868667
72297
51085
360245
148532
951574
281798
714998
485461
664935
815739
942217
284586
703250
637478
626390
661961
451537
615956
555884
110611
382276
726398
464473
64194
617783
977165
575093
862370
522591
710915
310943
30198
756522
822786
657197
799390
716816
260668
869936
81513
104362
629460
534990
860117
130893
572561
412285
839538
981530
373685
110608
813579
417203
857100
816207
72667
829796
257253
878899
534716
771694
920662
928750
431860
664987
813302
548021
238941
990340
189077
264999
561824
836652
373333
985378
577038
811177
604663
883043
251964
834389
43317
285845
837102
191696
529563
592958
988558
922143
808664
332264
503451
167019
852747
227551
724912
515558
317259
917092
378494
486659
217543
717004
462345
275212
877160
214121
990783
322238
150045
835636
665090
946712
284775
291545
768945
490893
967249
770634
284353
464640
551625
591325
575430
650825
814291
734307
281295
254415
147072
480904
411131
91847
70653
126722
126982
743477
399712
271844
487929
649846
17136
438840
747843
679509
485689
188614
560133
618856
182632
160548
617881
364786
655253
600923
829516
403088
815561
752448
347955
278652
804776
324346
168900
491142
422614
937419
396777
325914
49615
289796
974903
807628
481522
351864
147889
954146
810008
651923
982925
160912
32699
111936
435560
329511
246979
526456
573562
384479
753339
854289
590613
654412
846684
647497
537278
690233
455620
302523
626502
252871
364953
395811
70442
906371
76703
870640
146628
756567
807184
476472
939147
323180
425947
397492
100811
100979
970511
244857
810033
821393
147278
782768
472076
806226
585577
824022
407871
910669
272135
30080
827861
166641
391193
722242
355110
230463
701929
461530
124982
979586
290001
210063
719403
319516
189059
466361
376162
370392
52622
774971
811203
925398
130575
299077
629790
684636
647020
895550
231783
811433
722381
850232
725011
768796
204236
122597
769500
300375
860495
795450
395704
422093
270334
570534
677754
273360
905362
782589
28144
530926
162801
150844
970959
508785
742008
522441
133434
268740
611686
935490
898008
114648
950598
846603
411468
547761
53358
967949
223563
167581
829698
290548
572032
64783
355987
457378
921145
951456
258611
392089
816107
506799
352063
667621
552235
525053
750503
928697
732676
443616
820120
177967
925741
566289
593918
878196
768074
263208
53972
846669
647368
21990
509535
810789
473972
752992
482531
178023
601140
456459
794488
179626
863873
451272
694546
47635
480671
875010
511410
144392
292973
165827
234945
185243
384437
949618
530669
12380
649228
390394
164236
364574
76177
748639
357862
48883
467662
393564
559925
595892
317271
682434
454427
37722
844140
728048
636876
137982
391805
690822
457992
215723
601077
377988
684838
397641
219984
968166
419328
594963
422795
900324
688732
119205
485460
617408
316675
617463
707946
775235
655026
457181
335145
769383
990635
588452
467646
720252
552582
988072
265053
599109
175591
895052
373719
231622
935988
971560
286669
470447
670476
362917
750678
652709
912220
540369
335902
475887
148504
974559
222973
906739
87765
380612
746910
818140
532461
331036
782178
851954
798303
300081
728796
571708
230153
297611
5479
824177
403479
85819
452509
135543
637446
510329
213762
299564
302748
102852
694194
824767
488459
360788
857593
393783
261223
314682
576459
968538
194615
56927
812592
504107
837892
31455
57265
763334
601821
154659
286303
196641
427500
934476
442087
211384
458535
575888
365560
469744
595829
82152
132088
336976
198126
23610
909671
268616
286102
444849
137887
929750
557859
343803
957460
640345
119686
707687
140705
748964
720102
390850
279251
147371
634533
715087
747615
564204
44181
82618
751374
753176
268568
814216
449124
621505
394424
187779
243168
784971
856293
96957
311574
889880
287503
182426
144211
222186
231741
556873
982672
963777
234081
951133
290117
675304
86051
816277
867484
475784
550448
547462
817240
73982
678467
596933
838223
52417
360093
934238
405461
920309
423790
536494
404589
520067
863189
991213
119930
224575
57707
689891
402547
526363
390211
691180
212292
220611
69155
279404
326195
383783
675088
230715
967482
757033
101998
293565
770570
170783
163829
497489
57110
711890
879440
484978
432706
378709
534340
409967
596779
127391
50771
91427
474741
124571
381842
102903
150714
840994
633527
418174
230425
573477
680003
830702
617502
164640
757906
148422
345897
233887
177979
122703
720532
807468
117152
564730
651754
749587
194856
187791
130711
450890
462683
109034
432387
746852
628638
339005
494652
3031
835070
425419
366379
336106
957154
261084
143854
445359
626430
717793
670245
584754
215655
714341
59306
447548
523203
480765
9221
91976
755929
367762
97279
280195
391362
630613
95750
369475
253241
984489
99451
887981
479368
964920
212619
845746
566975
766868
699080
888830
895449
252268
680551
770172
798631
302468
950538
743019
152092
727580
775511
406284
511536
228901
580263
205050
663466
289040
679138
668637
728559
691437
55674
661874
968622
752104
679385
286378
747445
27550
614522
148697
702983
965725
80604
672831
974587
783881
290748
66824
916125
850622
481154
207790
560667
906864
900566
925076
144748
604471
621290
825976
808522
283689
75308
467812
807661
489545
319504
786100
581437
657964
263607
803360
558844
649050
51710
339540
776761
884720
798292
221815
101139
977200
145368
376057
546704
337069
276816
412832
255154
581822
504060
62182
251350
284480
333171
758368
536734
581758
829016
624251
234243
361672
567982
975902
37013
182507
975354
498223
455625
517864
865277
358524
174791
409324
538933
341022
131030
844422
801859
71095
399553
653385
978083
851599
103224
952347
194993
333963
321408
96054
984671
209991
31103
456704
82965
493984
714966
437136
867081
52194
839504
197865
972858
647989
503437
224763
204780
825630
785599
322927
144451
317975
53946
340910
412586
247808
226334
315203
539879
857806
657357
885161
667301
632716
30408
902099
544431
948252
132152
969473
157075
992972
500385
965619
778910
920279
469013
490835
87453
670047
779447
144561
160350
132806
528050
571394
415375
646662
394535
59487
776780
299265
126925
926850
921574
154301
316518
250102
289442
246019
993616
460246
635227
896621
367208
845764
141061
582927
541808
721796
415263
944437
761343
367942
472822
254807
740707
829574
305675
365680
267617
817971
495489
53215
943081
601068
902943
114928
654204
224010
667685
387106
379551
44569
17520
665038
422018
949397
801277
660972
877623
890619
132266
214474
341231
847875
76473
968254
127226
874576
177151
404908
123916
154033
219880
300380
314284
130147
68527
46354
645376
946419
765219
981244
963841
414948
706981
752425
119961
302105
801749
329942
439745
229349
300415
851180
954953
653037
516155
900893
604409
770842
736323
939750
509854
175889
637518
13792
464220
335971
33870
53994
778346
764594
186819
167485
561559
652304
527513
756
438698
364910
437329
936280
822870
269628
139609
557315
29140
822701
302954
191148
149769
868870
518865
749944
130474
32256
440115
148163
668623
49428
49048
675989
476937
755525
678447
870223
714584
167524
173053
805950
111519
373271
991858
621143
296582
448496
879917
699916
418841
631004
111865
962337
584778
536951
200604
827649
5930
408996
138662
482237
753579
813054
302574
211192
351550
852976
528475
81292
427508
452105
653395
691350
362529
827999
324691
200644
298172
95413
681675
779716
823521
770149
495329
688079
752559
590028
649429
200761
566737
724856
562226
5825
626235
648853
333862
145675
585823
951355
36350
53038
711636
961621
456425
24550
97381
76310
643619
217707
507958
409880
781775
604486
266219
775173
193897
815683
5806
953735
589110
497115
750004
707675
258879
50487
426306
192377
817654
611017
922604
152438
242858
244877
496522
970198
679619
6138
148244
882767
130248
594268
551805
649183
154166
634049
499340
624081
155624
252774
357642
466260
570250
737173
941231
192828
838349
43565
644792
88772
337437
586146
264855
344453
750968
250549
430248
365274
833482
636158
135744
787605
792739
602018
388967
315834
161957
465695
854807
408645
132683
248022
592761
813314
358144
214534
561058
712343
860094
105339
788336
502056
799467
843438
596481
659251
819439
920407
473480
992889
624394
742055
97285
808880
749343
449505
5235
925580
491730
808271
24067
405814
327074
724329
633366
622832
281312
80763
337779
800427
496248
753865
650179
826561
500802
351568
725554
734265
767045
488914
528234
606915
614559
931672
873
664332
48195
797297
400885
771548
534084
446780
651268
968687
155007
615347
18011
178354
77119
405912
197370
368833
930181
496330
224295
530545
148971
885171
766456
380501
558872
556088
72356
983406
91045
797802
204745
749616
925524
914172
819362
931573
178433
549188
832397
88952
771449
463751
96758
85577
523756
61939
669037
310339
649169
247212
85267
724816
736749
825918
715165
546941
981869
254423
563617
632349
347194
486967
468639
729390
187980
183425
992173
498348
765698
675991
826286
203885
373806
946588
211776
895873
243041
582781
80424
115519
557572
390205
850258
501123
327305
517004
92180
785495
781834
356397
896018
254637
584554
964786
628054
690361
511170
161064
903874
192843
368267
631364
564085
654261
814020
860137
717777
419378
222060
30561
990970
342587
202246
941318
192167
898339
253735
178275
454181
820725
28846
898628
569942
391985
453537
993210
485457
418405
479966
350872
847757
439253
432073
456258
304430
558846
365247
721244
938435
609944
5110
58275
773562
409177
60907
886733
781004
626527
871870
51488
935705
254259
660993
360250
862662
833341
473833
861009
467581
81072
502693
674002
237603
241478
904266
402038
949053
378807
712131
969655
829949
974067
891360
298310
733245
609931
562000
927912
792532
356642
169243
240539
429203
271250
419538
998175
973466
136344
659976
314572
790608
705364
476846
557510
952924
897885
52754
685245
688088
529385
608381
634202
871408
784705
197836
927724
613606
78988
845194
642713
887026
395932
897059
755251
229619
470568
191800
896230
474674
175970
751793
963074
63020
638680
373631
866209
765791
656577
469263
616312
442
505589
499541
242566
461625
680427
954628
288170
813693
885095
973288
911220
992808
467504
923443
259110
57628
37559
636152
634762
692978
795005
371445
608356
722783
528456
515476
365144
540036
711199
474049
371875
219266
421608
34958
881576
344976
152965
943545
315638
714668
745192
322416
226330
97861
132325
316889
709000
931121
560956
272678
374094
886277
635802
973534
765926
93022
594793
920947
676125
632475
674310
528395
706188
106170
38931
191862
665238
137043
196390
566049
855642
993463
226780
968047
679462
736873
146562
703119
889304
964868
799904
940615
411306
380476
419264
437751
670220
584258
416831
263728
678178
890134
937638
632537
24133
924345
294157
523198
640203
40978
507018
39251
466771
722626
165190
827593
248391
884810
777087
943865
602911
649210
495471
803549
529836
187516
714940
303115
346993
814672
175330
420831
306122
267048
950614
350686
486563
878526
944624
669737
520937
216533
589676
296361
370424
200793
881851
833512
946039
100144
631649
134372
890668
410809
97870
327158
256620
439116
92104
760174
600906
518641
136356
604954
899578
782092
92950
961813
450992
516923
449128
796861
661053
406710
324576
939949
21016
527327
986238
813933
42703
82946
235820
883806
890549
246918
92640
49966
817943
8605
21661
13915
368916
794630
621557
754997
509140
540555
333932
202444
160913
187511
629381
876513
378401
983374
432367
66227
416163
740638
581055
885386
420942
469598
535565
10691
276015
230609
784053
572804
403323
907712
813764
633153
730666
537585
408036
218238
674060
663349
81135
874926
829576
692409
793608
909922
235561
749826
639154
884847
806348
211011
934206
444064
261020
941806
892144
137121
138372
305783
879173
870011
774560
748545
495686
94217
266825
180914
821922
260482
116480
780131
471115
616537
844558
614974
695357
696816
646335
842625
856221
591610
810818
791959
633293
504781
762
765486
725460
576514
918328
932968
701397
520159
613029
316369
187022
446541
791410
895878
716614
113349
920023
905404
754915
953878
781709
141199
406569
553795
225363
358028
295734
85498
241796
616641
186277
680491
874768
762740
717256
441090
40790
494992
319993
957468
873449
68133
943197
177544
809953
774945
669066
191419
813578
815921
854946
917038
959830
889137
226171
481610
434292
733565
438579
20219
662592
322788
271521
802117
772238
773921
444168
901351
426158
565707
814986
492102
106793
356870
196894
904326
593915
656089
714313
742453
612119
716291
286459
439241
21638
144816
248887
114028
802374
113856
14688
946516
442319
288464
188754
170373
336027
315916
166708
151160
798646
843319
583928
447849
747826
659319
838546
519605
827045
631464
776877
866947
965906
274060
349518
229890
475688
156412
782134
652533
323695
433037
720560
5564
138202
207188
780225
381035
162600
489391
871354
479378
460406
923452
162598
644848
639547
367332
348202
140772
636177
135062
703033
223166
526620
696257
971854
531443
390613
463979
535982
867848
846667
118957
360388
968485
469772
369941
760847
305009
917074
64433
602346
967697
280665
883047
637233
879581
844762
281101
698504
284919
993501
547501
546807
638155
670430
641299
538273
518570
850039
653038
791504
333777
424626
912800
476352
199986
338476
17895
928218
410568
387979
540909
110920
147267
190718
974666
447795
781803
709519
920647
843079
340307
152857
2099
447362
865757
340243
174436
887362
824195
78335
194087
163676
807254
140993
429249
362695
487560
834
921010
714437
786363
235210
744115
363000
858887
735034
911804
565803
803747
438948
545748
574501
928335
279316
743605
512953
392150
185777
883959
115063
330885
165868
770987
515223
951609
380234
775041
893078
873412
60533
552627
502558
180056
958332
724825
328765
936556
595623
217480
350007
101738
204557
905289
968317
475126
334478
573814
469180
451108
953433
203171
894847
196858
838186
194146
714720
454093
644645
88818
559439
74310
575560
874435
592860
545900
736227
486711
729524
695000
678170
223492
396360
527456
638255
359896
933167
897265
535839
102930
832721
224282
981017
580834
945418
912344
642371
720788
303983
118892
939902
819874
725344
21666
606156
727946
975128
778210
362915
707549
708637
321682
97674
460798
220881
568286
296755
210528
939849
432496
93498
74087
367128
825351
12280
970411
859702
920968
326173
507414
101832
644056
681111
550755
963387
518452
670543
923509
145896
612956
376829
172204
940757
556742
528054
618061
502124
623358
511028
492492
802280
221257
509285
554966
156302
763138
943182
142308
96546
548924
465403
703992
330132
84403
965743
442274
826914
484202
220227
674904
951866
317893
694630
528766
574147
895405
169655
175576
718340
833829
735054
438433
320340
306914
928437
247160
765923
743788
748472
20490
718015
472826
322249
423670
616908
713619
374379
230002
472908
612849
247307
24149
404352
403582
807714
106085
335902
744987
302722
973267
388505
950587
902853
385203
764961
311463
945759
762404
699548
520965
877172
669798
103396
621179
750147
549095
376990
610606
424865
386898
94924
808824
567008
877158
496319
45313
430272
792677
645886
5692
193213
826264
415285
835096
282169
15390
103059
224577
98213
26314
490396
607195
27718
197076
905528
62451
174920
614554
564358
346675
484261
846254
656976
688527
243571
428076
528996
378645
96441
175211
192615
808845
874259
829049
656521
403579
565763
671793
51610
525313
440916
472231
335616
386133
618578
617318
171409
158259
7378
557620
681735
782131
826895
783183
478596
673568
518950
757934
17090
802464
83006
429025
820143
264021
740272
260931
231025
775324
885919
40085
837084
341710
640429
732405
37095
135809
308707
19204
928214
964730
137105
368758
542683
593872
745263
642795
951525
965988
485584
316085
264346
528232
36631
973868
425228
112484
962821
193125
263972
286931
619784
654625
557791
473383
8142
636870
266796
274109
66495
348816
38655
363326
735302
77569
106234
596043
222425
223242
383561
482684
208773
5862
672890
279429
125960
838499
515211
370132
479573
215847
374333
894412
479436
786863
426374
871278
646508
731055
755716
41690
944355
501436
896334
251927
856315
54239
921138
332973
57157
556287
802186
386321
533313
621894
102765
129638
338855
249701
98751
731427
839338
512607
311441
970503
278533
438944
121210
672610
841743
398105
858503
889987
857809
451659
646953
718958
683567
271438
136148
200838
48354
249373
739903
438173
755479
523990
958239
157167
413031
723236
702965
916088
596582
808320
381585
161469
544268
746360
990637
993916
2585
750968
287626
975968
261673
87653
612758
955062
401922
511595
695390
157409
842845
116891
17688
461874
63768
509764
625507
871134
302272
91795
632287
116672
101802
934879
331526
293064
973252
280360
159082
365316
68498
885711
510640
736758
125805
977006
473001
226961
23499
234663
53477
721484
235438
372822
782285
218560
75273
625421
785276
795477
462805
666001
659609
199149
816565
269890
559477
291573
220693
498645
699123
235455
94930
241661
256244
272489
775965
367590
972423
907921
172687
627421
485850
136233
757379
167573
573899
499225
523313
562253
959578
375373
18356
49200
165936
738678
6254
88033
922728
724764
320349
652950
585314
349410
464781
242285
347747
993134
406441
786919
884303
4808
276181
522712
436979
754353
195084
947380
712451
699507
385539
713126
781731
762797
511547
603228
114626
684300
472372
266225
639264
947952
15752
808873
182232
631099
838067
933236
24590
963114
115409
802230
18956
94165
380128
576038
766062
625932
815316
180237
314865
925311
361620
66275
118831
788906
522720
284885
220662
986497
805784
733131
38332
326136
144334
116794
47496
823043
790650
362964
296619
139853
341675
764769
125799
790425
674525
634592
972328
771257
441476
665856
431398
641011
537929
485425
79154
104597
65258
535411
139382
346159
21267
745821
439247
203356
906042
654403
736948
49587
322515
973246
111406
923712
176721
317343
632672
627881
173745
133981
743719
385796
760439
755002
26261
287885
332435
913724
383001
52044
871223
967865
887177
559809
487264
164434
145942
66085
268488
624451
264867
310905
381719
764204
355872
380537
741931
930086
339197
475155
12285
691609
793522
665189
36778
796320
173957
298608
519059
546175
844029
190534
853711
685566
410135
29357
786211
432774
407508
223694
775703
328681
18390
583250
603458
8673
830196
822440
398313
572672
395696
68605
919527
338549
63000
390778
190522
698288
628355
453699
210499
233138
371854
718108
893760
237813
204930
544729
174709
701213
630608
768480
219188
483821
669352
553960
14494
7199
788039
437792
573895
19210
804887
772071
406264
415269
313129
533382
6864
949927
483851
118833
840836
647033
647068
351934
447906
893677
81460
62675
721635
706016
432215
128521
346456
390479
106733
231080
438140
808060
916511
482204
199180
701630
676911
146595
500858
665896
103407
141545
797161
61290
487536
118285
498642
56872
301212
598616
408967
460493
349510
720791
444796
886287
812276
766851
739509
39235
436780
867656
504303
847909
252767
644866
756897
416051
985931
94220
375840
176802
75223
717203
342767
770993
618129
487051
709104
371556
679888
707551
823084
996342
642140
87358
514113
122206
467160
573243
439386
15944
551446
963662
512882
358403
821317
761931
929107
644910
752051
681596
942053
798522
769989
272198
356595
738198
379028
708501
751110
230558
991164
582538
558134
491298
594849
963080
279187
102178
51290
2708
466621
243250
610944
373668
529066
745087
744830
754450
574467
473237
256879
151910
975288
680932
143183
200424
176698
328290
585978
646749
765520
380619
596055
774923
840098
102740
222071
747509
963747
482565
46088
318185
492409
615580
170924
21358
811594
407335
23410
647835
952110
454412
545969
132169
216280
36430
752543
91668
202166
293766
89845
101938
584150
283765
157741
14980
1791
944368
400215
441022
661320
353620
70702
277364
227462
854900
308548
95234
171865
479647
467883
4188
959618
110240
544305
604083
548908
747089
261564
210513
252092
917001
957954
871653
151145
779946
353162
771443
178119
762092
777580
747342
509606
447543
871894
742038
467984
358243
287614
750609
956725
781284
469938
31816
804548
936301
948781
18767
661026
633680
898220
222146
516583
633301
744902
294968
559931
852432
613728
692104
444125
273768
350014
251573
338680
638232
687140
97787
939927
771598
582131
432155
130811
194280
313059
69501
955605
17783
141545
988646
90570
341798
841788
162351
830424
256287
768014
520371
365301
496983
949191
276487
878008
883648
725500
998140
380555
601217
80656
72757
853989
142438
998740
844025
638825
45074
78087
592303
788261
523355
272406
611923
500537
2278
283570
783359
581280
533295
831035
414914
372731
677214
923674
9117
361879
658385
93846
964196
572082
297400
436196
770406
756898
356096
894979
340306
588705
402562
994424
249130
401267
148003
520055
66701
729267
402804
403782
569652
243821
364903
60649
751634
20164
180188
713491
859735
372894
599493
629990
583774
98225
695995
932812
695096
605343
316153
100164
544696
997328
485317
604285
774244
556411
23728
950705
659238
806909
727114
69430
987904
500877
186611
495025
53506
711138
7598
422210
730364
445634
37648
19040
568381
975370
488036
295542
600805
191315
649331
9691
253673
581243
513239
469459
888993
500331
825579
862990
640577
906941
403831
59432
708086
657085
945663
88360
346216
825394
788225
404409
508604
445085
751860
694234
745319
536080
100909
438817
304562
109769
151278
641222
586099
507938
445653
278070
214627
617978
739103
883744
323843
916350
156016
133466
128424
498039
414881
878001
429435
88867
257367
84905
985548
275494
25887
116143
999904
263718
220752
945968
348748
890823
665394
859778
191066
428187
934088
308356
374435
722824
972159
176317
746109
459655
258626
78694
464003
786996
245747
929408
378145
339301
309082
238562
900642
806162
718780
938214
164819
387584
622780
661704
545963
131565
490595
971079
243559
877726
838886
966951
552571
202475
3601
843697
861857
570676
944368
196398
152441
943191
100086
235355
63045
949693
930867
523439
101975
203585
949466
803914
454464
319014
16500
572875
112007
2273
660284
907505
206983
184913
320445
737676
630277
92735
627522
798004
492144
447323
678706
567286
451612
81749
851707
997749
493774
375144
245753
627953
400385
577313
933195
548080
727306
655331
784999
360745
873105
23915
907317
781688
860386
784590
292825
864889
914558
759831
434508
85073
51700
469591
937335
983932
708504
374409
808401
15940
947529
912297
37022
831780
694296
772813
615042
227621
164043
572953
250668
541681
953243
694134
647171
97698
49780
951646
943351
56403
37363
58223
437360
819310
53123
451198
44480
877929
641084
466613
273432
299981
859653
160257
911252
503079
841842
523808
326010
491791
830380
412067
584211
124577
479234
309620
110716
996723
509240
483448
249507
105109
542322
636584
502881
366521
931991
793756
292215
690010
815160
315905
405826
6763
81223
108658
508427
499126
634610
389439
220729
456644
919807
743634
461927
10294
979976
888758
633830
242098
488647
978626
422956
930287
698484
156033
728587
610122
831865
441992
501694
420886
535760
46323
740820
589748
364854
389768
977542
753823
666083
376056
783601
320470
85035
519292
128474
655758
309382
318226
504737
403357
80859
205145
168625
712157
298030
647622
97452
524711
65752
456671
805307
546630
925517
595728
337242
988438
876543
974426
657199