979992
874880
498457
404684
829975
605263
375698
407302
282379
503666
381275
713066
74214
530926
967378
872185
507903
148395
355475
626104
467544
766877
57707
829248
731949
11831
135669
755007
908476
611768
827810
89374
616007
105158
299225
786860
260804
576423
987774
724215
629505
856818
487167
867820
700119
991266
229147
508734
570064
369396
771066
603015
26492
917238
427476
585936
347754
595804
452346
308352
52128
619955
44543
548068
599529
615742
458560
432338
73609
893969
504022
941217
79270
963972
440525
621042
53097
993810
685083
147635
88402
609294
320722
316699
676831
776331
443172
787662
666183
543387
879882
887028
277794
50993
599307
253594
714430
914523
655657
791099

59874
139883
626161
68484
797856
631846
900978
2682
403710
271484
880302
322903
58131
8582
512262
368814
605942
723755
716248
82392
302174
92489
114369
386917
875410
490533
935858
455494
818871
468734
352472
437251
875619
582440
184947
604022
87615
141754
97349
136479
715937
928097
787644
274647
796179
780580
99558
779793
689187
318620
234857
457580
921423
357001
213004
683181
252986
712526
854823
411642
715822
637455
151797
542323
947527
767283
38675
465406
897604
330061
711666
383522
439513
745223
510633
336887
465277
709480
865561
492065
225469
975901
985781
595665
119707
63123
719203
465733
210021
69293
955593
792464
543001
998529
519665
431515
992102
420184
7582
985298