52359
30421
410728
169493
45429
895839
987675
181868
182526
97748
713135
669730
803550
471220
356213
786785
157031
268717
222514
605298
195175
905388
386193
221363
804144
408274
772917
251175
386861
105877
856545
422275
19259
171578
724378
432417
879988
407765
576803
865280
533358
69981
892696
913930
341775
860297
551377
881441
401513
723447
624583
885261
680684
669813
701408
180991
149782
271300
710451
362337
304382
471727
511263
304593
169589
13889
326103
59498
320085
604073
842122
71766
375507
465005
752655
880303
730390
366437
881700
949362
1369
357688
733329
856784
457449
613270
946197
283468
427645
568647
905128
832079
897883
674466
346159
967453
143331
759723
265588
914977
108596
539992
375078
991510
755440
189207
689487
66373
787960
259852
722687
784254
265410
892137
429126
773557
758022
272586
177489
237915
725059
157937
637178
442885
369119
856374
644094
995091
321172
97654
343082
161303
695058
6443
511711
876306
478295
813555
640188
408545
381924
543456
31620
372851
414693
918983
573575
456705
729395
980915
908528
343279
91021
163210
373819
385620
966089
374139
973081
484789
744817
436977
413358
260727
743430
800642
282668
331736
948652
965815
522948
125202
344139
176355
601318
731817
292280
114052
245584
871598
688457
615769
552313
31578
906098
22977
872887
230485
668194
974379
879175
24727
619313
368183
863896
412336
79697
992515
52965
462463
227837
571464
852308
196798
304843
452390
604330
555105
52734
278041
83405
959077
566483
779474
145788
572098
587163
884267
705586
465825
843655
305715
356735
454528
373298
456024
778176
37648
226813
8376
603642
65098
504522
774905
187102
559599
90470
870172
600011
652712
572592
811796
898219
837598
534903
634605
578219
209019
6269
215725
9633
786506
329255
898624
654463
363905
764296
921974
949496
520157
985823
864565
398529
765638
728706
240460
456162
964343
128711
102479
255652
430277
693250
483729
428842
547406
815924
42365
722707
511816
227534
598612
213508
309086
754247
243329
595539
782151
773960
912652
227003
317256
434674
282136
800152
669479
654145
481608
516026
282105
147105
507922
859104
130765
143900
318992
154700
171281
193371
499558
17798
208065
783178
260366
533840
543485
642730
801340
800830
124004
463931
908324
998735
317931
53825
958553
562943
564557
163435
980190
934756
553168
393336
84498
131101
917335
474228
968729
259522
809356
927936
49520
199188
871720
355462
715332
111890
836507
468653
80706
135733
987366
693085
28917
345540
153082
936434
283559
957459
150820
707005
540174
300386
678118
580780
780490
866952
689737
545732
122373
825874
738285
12863
834896
448669
796529
3411
507960
134093
725980
10334
556594
609450
761002
384970
776109
958276
611926
43750
377229
896631
973050
917340
785951
180231
892720
919917
349880
675174
639455
374786
179566
367539
186217
595288
824633
88116
153770
608240
451629
71074
260237
863918
473211
284669
674735
418253
113822
522392
75015
313387
59891
787844
977218
390283
800781
552301
445204
928648
47219
79682
598117
189344
940929
574491
52261
45690
960773
844053
243057
277555
489962
596986
543621
452197
223751
808110
738790
412291
679037
474344
561550
96652
639066
10528
207539
448558
83062
289216
680047
989731
482889
333434
613200
882132
515873
556406
291787
119075
813867
208023
28271
973452
632330
502373
978238
602538
211211
167510
627873
644414
958065
510142
96576
540466
291740
168801
769271
449967
593132
505735
525787
961165
177266
318402
542645
924158
753163
638658
436491
707092
881798
457690
946247
160718
19784
96856
204138
831738
563868
236012
635264
118258
544497
819621
931304
37416
415921
215326
807443
872974
397025
466134
62293
560109
74297
501297
906533
438967
522111
711858
445504
331245
563957
883502
752318
291548
486889
77657
262256
244860
245856
36970
559047
968968
555789
769443
772790
68927
986181
298793
264890
110958
616674
950499
919055
211740
238534
752543
674365
180063
960475
291358
333605
789291
389874
766755
595962
286250
893841
898426
483261
604960
967598
933753
958562
544463
729081
486996
417439
970197
848398
294003
562294
431151
701912
632058
330513
976431
290667
442762
343331
617579
750330
893872
831363
838158
81647
327352
535707
790504
356067
686964
400615
10109
372031
975810
779598
86828
299619
74758
215583
37785
997029
51990
811716
261228
663592
203344
625628
111785
37576
638497
450139
224105
349591
428579
852948
269228
339413
400236
371217
103406
211138
380035
243900
766854
429578
907366
969813
538765
358638
54356
668214
812038
725064
803306
804057
803697
61535
965240
364485
263466
585841
208829
47038
882881
567769
368442
570418
983807
254309
423096
100233
589117
630599
122367
236217
675005
457495
215268
545838
470289
619648
670788
192444
933940
339713
824082
520403
897873
901712
116441
380053
83490
817334
798994
913020
155861
13069
370527
508834
288586
991523
420485
160543
202443
648227
454566
452779
53323
27808
98914
276042
214207
754294
946226
609238
383092
546375
182455
9447
681774
278555
467218
740572
89989
201330
58021
649096
341845
948853
805842
622226
628876
575259
552533
471412
858651
358945
281675
174395
878456
682050
228622
29379
156497
315220
996800
574504
845060
511878
73190
500454
801073
637782
7135
796288
622436
135044
564434
281068
954990
539575
51173
106094
428953
733339
136170
742467
119103
537707
314712
689484
393190
167458
262646
75746
395070
492606
496010
224381
673655
816518
538448
151044
970663
499116
970728
289685
841725
45996
122425
441260
816467
702772
743706
361282
716412
132031
349695
888329
767509
626431
528671
261681
776290
868555
704543
314717
37716
164121
969066
457735
742462
591793
129005
606464
994789
246450
479036
472564
351875
776047
716443
760399
408459
868849
566569
67735
342065
7162
549933
314215
641464
365782
926798
329693
603160
378294
52695
928595
806707
612808
710967
559398
290714
889610
482485
652362
949633
609827
920533
203809
911160
297132
925033
76464
710556
218244
141806
6220
174362
138767
77283
17048
365781
854997
977476
525630
290716
598861
21029
118500
961940
733096
140379
468880
594227
954408
624224
393571
586883
206440
781327
89030
361579
915708
292401
858437
55413
483378
537555
464244
67704
755806
477450
636997
75559
99392
384474
584595
339190
424324
357154
757975
48433
394958
860866
833668
721551
460333
912388
891032
563427
226424
461822
202784
749795
957318
610413
829341
549451
656847
821823
734627
713539
254528
997803
623584
863593
184524
322306
976620
194439
124402
534933
196788
985481
19411
157530
16237
229489
87187
286133
971562
455184
385500
233952
628109
784787
183121
494872
769738
591377
704825
112542
255306
842718
210752
657471
856506
172538
282280
830609
545816
525385
132840
446412
491394
837395
812265
944257
905632
322967
583410
293936
325299
232379
462781
907784
985753
494217
538734
504455
493953
695125
755717
984901
811825
355068
776645
941194
745384
228389
699326
879148
373833
392067
702609
859860
977900
977111
558509
10930
150274
685585
733713
468125
269882
242716
571100
160260
318522
80234
755256
618975
198136
504862
874597
129235
726854
584256
874573
402071
934067
247716
53685
690310
296277
115058
903476
519609
373146
351024
139903
446541
337266
633529
770054
643664
640236
81652
611472
402387
154281
776539
782422
788495
83649
928970
562037
76710
3247
940481
517617
252755
545602
741203
532331
936801
425616
610237
17285
486002
897867
725131
311151
722779
682707
770741
709880
636582
60632
484231
629900
864270
570604
545878
910513
807666
224756
916032
14485
461447
669949
743058
282999
236310
300082
974003
91935
258261
335079
37552
123149
725932
586116
436596
364394
201732
597195
882837
818188
398396
328530
650858
498946
817497
266378
66557
716462
365085
423460
519127
11072
170450
358434
57234
196276
307915
367013
407991
73768
196965
653295
700558
595055
171082
461468
440941
126316
918429
229643
672468
929724
347321
814855
108887
501695
225323
832271
451980
519763
915813
443685
577851
924899
387532
158270
563189
912599
983911
535678
401633
382251
237545
711826
481583
893705
159696
883637
893
223978
696653
430381
320005
836440
610365
769784
458835
66896
88602
808122
659581
201736
407936
556543
722912
996657
73101
225799
908278
88713
776646
364080
31319
644996
472963
927668
598684
233339
820110
164337
399483
423027
536674
586102
564636
63545
246369
662433
931425
128614
41602
906039
871568
167445
194044
755830
215204
743456
252407
132679
246427
666597
501691
540739
356672
649637
254594
39023
853930
75541
87820
752556
222492
545074
108440
524763
198684
680496
174053
22948
303336
534127
883964
122327
742295
47199
601862
853346
233156
961061
323864
571757
866227
334698
956123
647723
246269
162469
242750
846613
13032
254560
713627
267550
593755
576497
607148
194805
258138
194604
171770
333839
561361
291633
194753
186134
212577
377225
526525
446091
299351
48019
877051
699594
810024
728147
312844
137300
390916
793937
315712
779484
372518
638567
909006
568066
790380
278452
334332
159552
639868
597033
184985
405429
877971
274448
177491
136226
653508
980286
855209
445587
712300
354221
546841
965621
904217
449657
950179
438274
724115
784778
911554
61532
350647
80237
708599
40736
981264
527374
838442
455548
504096
731520
237090
480324
751600
894268
312385
719458
124030
36725
3079
829518
308757
621884
864745
310036
492274
798630
186597
177569
230125
954177
70530
188193
573271
491985
552580
309514
817039
65210
589642
95965
647720
528110
160526
781772
897894
621007
67881
777070
806245
474799
426784
773413
277577
960900
41223
884721
445203
66717
252148
140668
438913
842188
397479
42235
849660
202424
923196
858513
441738
322321
253264
424878
132719
528614
601429
357220
156672
869351
803092
431398
284602
621597
986758
715416
855287
587438
923558
794243
828132
308948
140343
351371
37686
675019
74269
175350
695208
829043
794261
947629
938350
948430
642967
710996
76890
668864
120504
344634
814537
461039
559080
776334
695939
623341
90046
344415
133508
758975
269021
302603
551023
62489
769773
899257
839219
54446
600095
470939
207265
311824
752628
527783
821481
120723
826036
984177
302182
760617
638728
418130
791751
270882
309550
653081
687719
684928
384625
331558
911292
753621
736897
443738
903531
9856
852503
604751
167242
451423
261039
548985
418241
328939
43066
443686
119688
369650
501214
340744
833340
115574
208923
364443
2159
190015
355331
727960
427849
696237
216245
353982
243374
19909
507153
472829
169137
30153
210847
40312
523543
14423
237322
6061
571468
783775
376973
287871
528825
698241
239663
519755
591774
440789
45379
258845
399964
677999
794711
79897
606720
107898
541915
750601
930634
545193
910250
916988
635024
536458
966414
540456
656020
724924
967133
551902
596710
694820
976496
894984
401204
517781
995736
973884
413591
174005
654289
100734
810624
695465
124810
478573
605753
62245
65434
6140
328009
945676
859203
914870
399158
955866
179569
596902
150946
265690
444305
426452
680963
795488
587533
612320
789071
629133
658208
228763
7276
909336
36575
421755
376127
602641
297303
265
924669
370475
221183
553738
321865
300834
574368
200782
504946
372953
660730
325850
779129
670440
662597
18931
953947
672617
457102
600411
764504
68510
37931
767462
817189
593211
429466
308585
738065
429528
949387
281099
454341
691887
466505
178226
272818
907597
429965
277051
455911
813701
771464
296103
818103
620566
93835
143825
557281
751780
38099
292618
759472
949618
486169
802892
102642
522416
645070
323786
561302
964454
246109
94585
975481
408333
749089
157665
46858
691773
346382
293114
911136
660692
157151
408645
140826
898467
746371
675896
839692
781830
678071
834366
584730
737784
430778
566129
579740
169080
243659
886635
219422
699288
423599
841576
644379
961970
662894
386194
25236
404901
106369
413953
40917
296856
987657
4226
797742
16323
206588
123872
27941
705820
884379
782631
526566
486122
776829
750779
16918
708131
134506
135202
647260
648762
698485
109414
940111
922779
666946
286320
473755
204782
471453
74971
919559
849389
491831
861806
320577
602467
810074
908349
548375
675897
280106
846531
781743
555715
449052
229250
508797
207562
365139
461848
737272
227066
713261
757247
814422
467230
593444
574758
116837
907843
714265
233801
705550
278398
810300
564420
248515
932747
851314
235089
715337
409757
916710
904193
116669
710034
422142
778845
639017
689082
790931
861996
545477
266332
902718
381059
915547
416990
739025
719687
752347
984490
142118
11715
144333
862365
920551
140077
535754
775899
986605
383085
451341
328235
908501
403082
266804
931469
582340
319005
445218
926496
491459
764961
81851
596956
178771
953667
709473
941430
295497
903852
517802
114039
817125
53659
278593
343986
624029
829840
127051
856985
629085
492237
717861
748108
471579
213059
311654
584476
20141
668927
661082
539406
909560
272584
258929
608351
259862
427126
285918
523757
82459
593674
831886
352050
586721
597641
97480
986953
100808
841433
268927
421286
772874
524681
589741
821576
722856
87352
109116
292302
541361
363576
578994
88993
794557
259380
859099
863299
937149
999768
814562
361530
513927
193586
951385
111278
639910
39569
773485
820248
275002
372766
121008
320360
444474
765705
961016
741137
231620
464024
441349
649211
942570
344833
472162
794231
212627
744236
143277
26462
232709
551133
292935
911922
151961
867236
450536
253347
117955
792545
646947
117576
466121
859371
91144
105151
264424
281932
153830
557126
671991
11195
4215
935500
279388
921738
79005
182797
87402
880209
278272
139050
18079
890268
300797
89030
610259
530594
198941
610387
898789
202259
700898
854398
918626
582360
748784
375698
836498
784785
756798
861177
263567
861551
405410
353891
984062
272265
482443
287359
227161
446592
348715
486317
265245
874798
870803
565382
637016
765900
949303
123257
722268
288156
849460
384891
825560
38341
835195
251278
142862
123352
24010
548353
158851
928822
163827
12295
487862
456767
145279
27950
467484
512610
967941
981420
752901
822610
673661
496089
693358
230419
471901
517097
893160
14456
107905
699906
245133
255903
127363
248000
216518
541273
730981
160108
993121
906582
19550
585164
13902
648603
16330
173912
974595
848862
894965
182122
831797
761498
458895
152086
180186
247806
749992
822887
370909
609880
956342
31105
371844
899224
673572
463272
108944
969239
632681
928004
548364
137365
278823
343153
11434
423072
987777
705173
236792
55070
887940
269752
680971
676613
617447
310180
656660
431582
321213
463196
396134
231074
290581
887142
115623
935611
437363
683323
700442
792016
420728
740234
888743
391177
85221
643494
120453
768076
762351
122952
327380
103940
573957
205572
691540
204774
224369
847284
418969
122055
219647
526434
85400
529337
215671
909119
325493
107178
670859
466747
865148
622749
411760
776114
800163
327315
486544
104124
294290
631627
481179
266356
615216
202905
13609
321460
427727
228142
591120
574602
970321
676954
766562
493789
748934
412991
890942
212992
184592
304019
380604
599237
49758
773959
509282
520161
431082
60437
155468
168497
980244
386802
235637
487923
666339
363696
640907
831075
226157
511095
652634
733109
984322
710284
499221
537588
727865
699067
347166
587891
561791
957402
347847
781210
974260
872685
305151
274931
188924
678703
201447
56776
829244
232009
17978
922925
39104
569845
57460
899775
154113
752214
209458
919376
76338
91807
898296
214525
886396
142634
114237
880663
890488
841120
132067
426367
182195
96401
191318
485470
483468
106972
785664
276966
600519
194383
50545
589940
897499
367708
486249
287824
51687
103046
779133
947662
611492
316673
295520
309908
853277
772639
146190
474298
140139
894513
535171
675640
999106
822707
109205
249721
957563
926920
988818
506798
240296
752645
869578
528726
104078
888473
280337
635905
683385
908680
416606
235581
254602
517456
602353
606921
181665
82368
632576
545320
311113
373132
800772
489650
123150
986045
391209
202880
166724
114794
737718
713428
94863
601331
232634
825189
773998
217758
18537
650625
345305
752143
818545
782914
200527
246954
34835
782902
758705
783087
727811
281133
741746
959889
244347
89617
845271
731191
458045
358464
970103
600108
581603
778065
33057
474078
39613
818989
274325
899493
642229
950387
646353
19350
229084
953997
378444
464125
300150
201246
609080
664065
616405
634910
848420
736266
983649
790596
341629
543339
147722
922401
324256
796359
536977
639613
460975
843114
12664
482013
584194
730279
408806
961485
951427
649238
656973
960040
925696
80632
172128
529527
25138
580733
816251
40521
901450
808160
914726
947458
901202
148982
176204
716485
773157
932828
93949
920488
131229
152310
47783
239511
315063
782364
249073
518882
921025
793991
893018
424856
660490
894977
315613
982633
367533
995662
280080
870077
27375
507327
681735
579820
550386
30315
232078
762710
616138
42388
307553
246424
879544
449644
145346
715871
786772
110759
871801
563150
678804
182712
924526
623708
176520
988163
876943
15069
717934
223226
290091
604112
665945
420036
823163
124356
264839
964508
811542
998898
756710
828987
993493
505329
451261
178635
327181
452431
373043
53721
530131
362797
911744
577269
505669
577436
95304
968704
942332
817603
169351
99245
571731
187069
640859
599913
842697
349325
36577
444909
608805
925603
610176
262093
930604
496639
789032
949699
952392
370599
367317
348457
683477
524665
836628
618935
249196
719369
883519
243816
922029
244856
613747
906354
236396
93177
503300
327572
439046
987567
88909
522178
755143
935466
865255
767287
49525
149028
160842
451032
579510
562191
285908
85325
3709
523580
38838
765034
5578
33755
393233
431885
988500
260966
22343
126870
153310
110555
423392
576765
389642
265692
512589
8264
215397
349969
507834
402894
287815
312476
32987
473674
415386
541941
856337
828830
814
224196
957013
710939
240893
528010
796138
726259
174129
406668
442505
461454
589788
642767
176038
862781
972051
512407
950422
971672
281428
518084
979867
188607
727020
952676
345341
536840
412126
4787
787804
57172
440262
27564
745416
214035
114796
953107
993528
499319
866732
529448
617396
109854
720860
114210
201658
400515
439130
936833
217186
868770
391983
615401
989358
39959
405837
439803
315074
644950
250158
670816
431879
417649
776212
877241
460589
207998
425301
311519
749303
95733
865373
127560
586600
372015
565856
845855
591709
882188
718010
989186
248814
660490
579981
197315
321220
595929
627482
415797
771786
361618
694516
725593
49391
240520
383180
579044
228791
526383
503008
237335
80369
991065
354856
923843
709351
491271
40890
560306
488707
74216
858018
981901
690563
433846
818796
708902
734368
201226
511269
964349
261946
942690
909332
352923
199834
577659
941420
52045
493720
774947
178111
507236
960920
435836
744946
504762
535037
389713
131496
876447
730357
741333
603859
158453
330395
898413
140395
700771
972602
389726
890195
772429
873568
907509
707925
670637
156480
790522
55696
381768
85350
749364
216623
147928
155919
207426
505687
469820
929784
586610
968661
913751
726046
822721
965818
928350
691649
23110
754327
590897
594599
797881
396105
888550
427247
242524
765081
269602
837871
931367
991339
89904
486960
922083
636202
866171
778830
558744
145372
625880
145723
894127
887566
266479
551838
262098
753793
379546
642057
221046
170769
451208
548632
587436
907822
519981
896432
432752
365131
104235
475970
41030
375185
147088
791442
631025
148149
935743
215681
789179
133804
749805
653673
117630
83973
33607
33586
610012
917464
466570
102743
959443
50219
202695
43615
577904
424460
892803
498005
73280
692253
568429
843297
726964
149198
774940
976047
593524
5747
248944
9276
895719
429288
719726
866751
251957
649227
856648
459565
732363
42004
920559
78131
383819
968459
161311
378042
983875
869830
625149
543379
288135
131982
568692
433992
549594
690853
438922
877121
386013
752487
324530
796431
74052
675894
837944
52897
341100
279967
566991
102847
258167
571862
263944
138913
704636
449846
858917
349784
344589
260181
793935
647309
790078
193807
129740
165730
148973
932263
106814
690766
727513
403064
760491
13765
178737
576533
934869
9529
425601
570773
339935
781732
64937
665772
225269
119229
589895
552870
220173
770923
420336
349012
257617
20473
740016
607361
398296
689980
965934
303334
858674
188526
399275
36322
580379
424366
584764
60072
543846
132037
458227
561353
374580
203670
9306
797110
508859
566434
736001
542383
853859
966361
507811
606683
742622
194372
515732
926619
346049
487559
28367
32850
589967
793062
652244
549254
750874
202101
685487
818986
570952
798914
963683
988765
556941
234769
344502
331416
473005
112683
544206
306388
193686
136625
367430
472915
970396
238450
516965
436703
127350
617549
614328
200344
418939
923478
941436
298896
613806
83471
798202
620843
858323
71100
468382
688463
558310
98327
714286
666902
165106
466021
334754
519987
557927
163534
698034
178755
209702
797993
157213
809434
201597
294780
419552
39855
319647
618628
236590
59147
388645
31456
869819
245749
303806
737247
477706
401263
761668
524172
702242
12334
748359
194078
368467
877157
190812
480968
667007
308376
337576
238507
722936
517312
431573
980371
518881
690476
283883
478547
580716
17132
102424
123132
416554
440661
242303
955930
142238
82655
48980
191108
77912
156618
622446
338019
851431
661422
426066
394404
274156
942653
169965
256109
943727
224016
619339
518196
505429
796400
863633
401428
160389
743409
484554
154263
938728
552122
162396
407672
689622
353914
334544
229854
294351
962962
253361
310562
362509
161392
268733
999597
200900
241998
503535
930611
237025
116707
433194
97689
556155
697893
242604
299279
354888
767169
294074
321717
36744
280201
798130
513619
946901
144121
763438
909204
121069
610572
458765
150188
393755
769827
453569
695626
563536
866006
79123
339851
974137
279161
613440
772381
173172
567019
79969
732394
92080
533802
621796
295219
829266
911864
563040
819086
766294
377966
516772
76224
365239
24940
189992
320982
803287
57465
125043
869334
663516
773348
697871
23975
458267
451703
887789
507528
614472
129786
356355
701240
249873
611979
216996
781953
729208
34197
885041
309474
245081
76880
926749
217962
407525
928200
697874
206582
633203
949284
265301
180313
693436
831468
942495
929282
391474
59880
840017
960489
269294
217830
458033
793948
233835
105970
349781
147629
274179
755298
753397
26636
625
57364
502034
196717
8403
992651
801668
559864
696064
586588
778265
523435
185638
30228
832108
197113
145260
622906
858842
671765
847355
359591
403708
648388
854859
168713
621252
427277
589587
666156
838372
748484
761569
171082
671405
553804
626874
548526
518744
844856
718116
840834
441565
145179
645799
239417
731874
933302
19771
885666
933006
776220
684461
475917
220750
790440
919299
63121
39580
971391
571202
44762
79369
124209
85594
174107
482408
66622
17850
909597
1788
584725
803966
215495
545454
689493
761616
402481
548441
901441
156033
401440
878005
512938
398583
255767
467815
102216
913090
917175
978320
612767
905553
772378
133535
757952
794746
176879
22119
685772
408067
648314
488442
79003
430401
467494
251338
624693
130964
295520
625393
864326
754007
330777
196741
156064
365901
541229
247731
468079
677235
491775
56793
246572
20619
265777
456050
5731
649871
939403
361498
710333
221117
561792
215819
144895
859811
414570
387317
328965
837186
957213
574351
206144
432621
442268
135872
770294
379302
181208
603128
89292
682667
938630
455947
89802
944782
924423
52078
928394
428609
715102
9900
47735
847177
256917
971262
174981
28729
414546
692451
663304
169537
759573
133230
151281
639778
418571
878556
371831
285289
156260
494738
777010
47128
989801
867577
840091
511498
948046
812151
284273
300212
695230
144511
228034
63818
11777
690192
659789
248924
695611
852296
131682
798243
809179
777836
170398
542751
306314
345681
560716
838732
148050
618323
474715
943456
975029
31407
290043
159813
121763
500304
296522
630637
291981
410387
534099
675211
309808
691774
248923
201237
337079
455854
998079
247543
322943
234597
850420
600786
36521
149470
138805
899543
621775
797984
770033
744493
175278
950051
249354
991318
101928
85005
953354
66924
725364
1149
552026
885489
17030
137171
782234
551151
207131
490301
893389
866095
77074
989996
776757
48527
717081
352158
779164
102809
330209
396209
162493
408696
227444
814742
305996
558593
447555
118983
235005
461455
116491
359146
104906
775026
912156
868738
815609
963857
906121
146100
693245
382566
861024
14406
84621
858723
823213
383397
219319
663696
897269
935937
835992
987649
443667
112709
879711
719186
123597
892674
548982
271096
479982
672439
219501
637276
634471
111966
797808
272751
983807
26003
314389
590731
562821
380673
712690
52615
534247
608058
180298
11283
569539
671083
705134
652351
306398
299377
424636
930623
628319
660168
495540
297372
209532
198367
814815
178938
849893
650545
615127
36405
506424
332165
550401
331924
195738
33609
369642
816090
665422
407471
426267
694891
511377
364254
62110
766750
541401
675180
275915
434584
403973
531815
685936
573091
506151
296604
447646
231448
208057
328973
662583
725867
114107
517067
783411
334230
156776
214273
932975
585657
240754
748853
968038
183568
96086
42525
129399
798558
36522
361765
550253
70784
822592
42935
367165
328306
513208
578726
93574
420748
964590
966834
249329
250759
500051
797727
536911
922992
5835
85575
667622
61731
930776
717344
969378
669691
842611
186127
554484
877390
743200
696651
855431
416400
515428
575264
592535
512513
85178
796025
877862
548430
638740
396033
420943
521015
267988
870627
647824
190144
675883
859509
988809
291126
729735
517931
179267
907935
96897
303996
273107
107552
41913
225340
883922
745666
481496
369821
113700
657844
513222
786381
771605
958451
606361
719265
79221
305304
515766
862048
460189
793565
793142
64395
539146
503369
18685
136254
361429
970811
846486
85098
716751
698019
767657
346392
971374
488830
523196
107508
182787
209025
333754
264858
452833
127803
752683
104818
133652
248338
76506
506049
880090
147434
78869
854808
628411
14467
268966
246469
166863
341571
428424
637124
922874
159065
744299
930286
339215
102591
860489
379034
684241
765641
118114
935789
880339
43803
762975
481524
397083
194181
902378
572534
854894
698557
341826
336956
281360
788352
39716
965667
97582
2810
889902
120673
732098
721317
961928
567993
441792
924119
377362
948193
673038
451819
92891
990157
475772
512321
888614
254150
428641
656221
179273
831687
204238
770931
817594
390277
90456
454774
936985
281780
440795
259982
631466
151464
994133
466481
37374
856849
961763
240222
181580
805920
802086
795176
76326
961540
345005
333793
30167
593717
935474
647015
172327
270499
630811
166904
981044
690398
398583
892820
971796
390876
141577
676785
589450
392746
376237
454535
883239
934740
856591
91641
333223
999275
832759
973440
573262
486500
735281
824558
875139
914612
958487
368898
698199
137118
320647
660698
572243
126712
915812
489770
387517
59117
905373
300020
741303
740561
667963
20022
711790
664711
667591
473813
772938
856864
448074
890828
817767
270922
46425
890870
358984
292522
562844
812475
999612
368506
560343
478542
378473
297728
792021
592679
615463
587103
267259
94342
642449
620871
534641
157310
510975
756783
820738
127862
204737
95046
33735
96054
946042
298686
414653
442503
404672
306948
922110
731117
801970
456358
696645
893461
393596
126699
899594
789919
407747
641251
932825
422677
708547
340590
342428
468839
254841
738070
107788
811901
532643
716576
133792
766576
817542
368338
74257
669316
238550
873251
23884
460249
115197
24053
821753
23384
310816
10454
583948
391517
636219
73314
554346
347841
517929
94949
350198
149560
609641
737976
682861
649617
321806
236039
107080
414819
964497
626900
231191
246519
690023
401241
271712
84699
108881
238284
406693
460169
370506
60667
615843
591710
853967
426836
785228
848624
124590
783651
643271
363061
245964
273011
282570
415378
368378
221923
988284
666197
326190
117229
636508
694761
839359
85772
567252
465280
898667
412574
772132
275736
82138
193167
38956
995175
760126
753356
53023
453537
54869
739984
98568
620484
487155
268982
970120
120017
758680
708099
302173
59111
263742
368513
761715
536369
942684
211386
70389
825990
201303
641184
745115
15025
221671
408312
476758
891130
43184
428089
584035
500509
755235
531230
534747
146552
825575
37927
486548
296571
565885
445671
2876
694230
604115
73234
866022
47676
527033
189947
398548
962670
931159
789903
437689
776149
919096
364534
733194
407612
874209
340094
313065
158192
957054
338332
538772
33044
927193
50420
755675
573053
882628
118918
388655
944806
868793
82861
614536
813016
498727
135409
221522
771422
211459
531416
268792
59569
872648
620188
119056
325357
388004
867852
246232
786768
348888
578494
202079
656394
45659
697606
616808
558832
812
727910
844817
17908
22428
539814
630629
423169
539941
13246
21579
719367
626058
18370
27363
363622
367284
312931
726008
81734
7080
864861
303699
532811
653377
291949
331744
608243
352469
985535
378621
920009
472409
57113
529178
59409
346236
452853
967078
222399
977719
305072
88806
468431
206750
785044
366751
503889
911746
664289
874097
496438
234712
896045
874911
715154
129609
955903
849889
919351
846206
775108
65309
22681
798952
686613
210613
195736
345559
724426
176922
781554
239950
607248
15719
225974
994910
558453
398073
726132
801535
858835
654116
645922
88587
476571
273592
215188
786394
193432
487821
378112
957372
456507
195837
963055
59399
673873
166692
941936
445208
831777
512537
57907
436399
267349
804882
449441
961255
417919
661026
961923
641492
977245
171902
621278
14918
588425
143330
86174
759110
599314
702407
891875
856965
847647
556223
444578
301317
874838
785058
709615
351380
699607
260210
231971
189337
932207
218513
167185
45671
242911
36205
809860
305973
509449
577198
821395
870701
156462
427494
781452
762734
263135
160587
666131
195862
764590
475204
634741
146622
134118
510898
183844
741294
417638
237941
412421
541397
641240
421868
210879
391408
328465
858215
420321
631232
936565
6006
150982
777152
355490
844410
774310
133274
646783
136561
925036
712525
40269
634870
203288
690167
954939
768896
484817
979433
792890
156475
779122
727869
564373
753863
472035
493317
223759
420299
475555
199761
530524
442105
601017
809774
926910
930769
647133
234085
605535
410201
205319
974645
630613
701867
371968
589476
996574
775052
541753
481047
317403
73378
824229
288461
508147
224008
331171
252160
927941
544541
245598
110286
518019
104789
664732
887926
551235
470096
279698
230287
286913
890904
305031
700351
12371
461156
37201
290918
214292
366048
691139
313375
768204
27357
878849
977656
424505
715581
255625
633542
583
79871
156230
938550
578412
484460
125822
527728
645151
279875
223192
412004
109641
893231
318096
195211
14028
931144
629228
804693
365050
495740
760472
444000
570000
512289
750715
803763
13219
320678
463509
886206
77182
122648
121932
126927
405632
711907
471672
640029
433159
466511
218172
177371
903776
503589
240278
449819
54257
45292
824360
932513
68344
574075
758623
312387
6296
888850
790445
339549
558426
975165
483414
601088
880220
142739
444790
505585
306164
357152
226564
149108
549939
292550
882510
768425
776691
677589
528701
564373
888238
330254
372130
830980
396483
616075
67053
637756
19440
838165
881437
897988
512711
932815
523583
383771
522405
650491
678212
134311
934059
886325
9307
394864
391869
104840
602531
281312
292743
521184
394502
769938
113760
14695
392284
69218
358671
708129
26319
544592
389391
296902
67993
239438
400342
491641
76014
859147
489322
533429
39894
234730
528659
420146
231716
772929
413212
437608
327024
716546
130416
913943
947992
539728
416146
713843
460418
264100
285641
174862
432005
185127
776249
806659
394692
560978
372231
797791
377117
377520
269874
807056
791736
30864
76239
612928
976923
305338
406502
178785
663491
858487
507644
637595
392212
88457
236465
927083
968695
661172
372655
701185
10000
258063
619318
13632
612464
412627
93665
942144
487294
32455
185048
649648
447111
127836
592189
134715
138619
386429
593152
13323
554594
465569
353240
746907
289720
667186
757152
939972
499004
279522
289135
77323
157176
150054
468520
82288
897105
783899
28198
851387
164615
674384
917035
421591
240207
275904
201306
871053
569800
45657
965693
428340
99528
971987
38472
262364
449954
956774
13514
910588
461239
776469
732433
173298
26818
425970
330548
604389
883121
539744
34675
172209
820334
224797
690003
917898
971875
215805
165125
182631
306461
182518
24364
654997
844320
541879
944705
515180
192755
853623
886776
659475
399822
795855
222689
724659
840752
581339
65414
480
255235
789167
372246
367089
786824
113051
270795
57451
235900
492350
872484
640562
7945
592781
99212
220371
786047
831575
231769
527506
277439
195744
701419
441011
548101
516214
216762
281380
102016
766462
290938
7126
787312
531961
257348
13930
298211
122721
874492
558302
799467
142585
590315
168677
39652
759741
70862
788180
878121
346462
732415
790690
425006
896710
892112
61201
538118
580248
549428
456490
635930
94491
578741
188424
960242
518724
809750
748392
982149
750579
660939
881077
811236
55808
455356
904936
785967
69297
62229
897286
30819
440478
405150
553575
421737
572675
781847
657800
130007
689687
72843
860115
822352
999683
667900
896148
921091
517317
319022
235950
234036
986072
839442
338155
291027
664773
767274
199474
386877
708599
823182
692840
2831
873468
771314
166640
58583
420521
383767
605552
254089
835316
280067
807027
37563
912729
203814
787277
818462
489385
549334
560624
358383
562008
175629
378516
997881
466418
67197
931687
977806
446011
551726
999457
523815
140168
727617
677223
582429
909093
161516
279618
860395
517953
747525
546256
288304
920279
813112
347828
960105
569797
129981
875036
938013
94244
877648
68284
838897
573353
227140
75023
904877
52070
544282
475960
203805
809855
917175
438372
512520
626454
600790
956037
187553
159346
759943
116015
838069
109915
413188
155931
918013
161168
295819
440772
181461
696298
893336
899441
584602
890145
262289
971515
552819
552598
489440
15916
612203
454727
757222
248586
568086
191362
869197
782312
152414
510733
907746
288578
624768
587360
233588
555748
462171
620166
902206
553721
375019
125748
403266
116903
930264
179356
58845
161907
850653
911352
44002
493486
190995
737471
106184
942263
168210
440335
35189
313175
191851
587993
701674
50437
541628
991336
286710
791055
257441
264580
863851
449904
854991
410146
605317
666053
541390
723648
823779
269549
16435
762967
355683
172009
748281
697911
310053
849900
918052
14208
236624
876205
342576
102529
384164
959406
20796
967933
242733
627891
1494
472109
354235
127353
108731
317774
577181
28914
79748
345842
837363
401946
746382
136288
614717
524542
63425
138390
681763
531692
616882
440223
896848
441264
363016
325141
61571
878004
718868
544108
283166
212429
668762
765786
313460
139489
988791
314985
737082
655187
529948
374490
697803
577950
395682
750055
493621
322225
516566

196651
339
843197
539715
942203
619087
283829
781594
196192
127610
837115
144433
142808
888904
811482
809250
697393
149243
471551
55679
186766
837618
465046
630611
936347
238148
337373
291243
700803
366408
216505
4030
991094
722500
995525
784222
783235
322371
170053
653372
675923
509216
641361
101531
420158
809764
499738
392933
668299
857632
365979
531892
793131
317586
201560
944280
215941
326810
854880
8154
386627
397532
556794
735875
380409
265246
724602
879695
275476
721568
744632
945997
253839
167776
587290
770762
427641
81386
766759
971453
991883
796983
886605
522689
866451
55196
525537
583387
271650
474896
967997
865628
78308
595049
263407
996251
685040
650962
435708
920467
720083
23789
207974
769899
821636
872121
370098
165904
827315
330037
55308
306458
937512
34156
816746
993663
126742
448150
625338
900307
432610
650334
549488
963360
746245
320512
358374
924339
702782
962092
826522
670667
15533
705106
614876
606680
687231
965469
463522
251745
92703
539887
227646
362934
880922
563603
356924
982062
487911
945402
761009
973240
396040
106920
735252
565779
354447
430160
862565
689063
470216
385138
113661
852773
365943
822281
550254
473433
866170
6607
215960
885668
1671
376600
23672
749917
968126
471474
543929
348680
797351
953312
681096
305872
936648
843183
88291
433425
241301
30730
136698
234667
349987
911562
485935
619115
183549
60169
306390
477912
375988
602484
114984
720648
480546
287128
654108
405558
239537
107426
804358
846607
574362
826470
66183
560867
737086
179620
884873
120520
764303
875524
429229
938832
554682
778071
251819
419840
199168
722924
330510
541460
646656
154614
681277
635391
8183
950176
858589
928224
894648
86427
179989
203978
263598
603378
208588
533508
647446
350614
57294
756899
31654
880362
113355
443450
338084
885600
641670
539839
960904
32494
150652
80388
852832
732517
327407
286997
571748
967193
748164
571300
876351
295711
618872
44352
445089
78075
810191
993889
711852
147023
533457
655363
637366
759588
985424
980505
759273
710859
527929
258117
401444
686322
512331
429870
369042
106277
943827
577642
584116
199593
375690
850073
38077
605016
402267
471415
674433
230544
634703
593880
214881
552382
925397
476164
126670
536717
418874
803928
218551
150051
277877
893632
197686
394217
341866
381184
211681
739677
502471
536192
678418
562209
947628
365721
812520
809055
983729
986314
556561
615482
32537
233412
233433
147700
453030
828796
168989
291391
544523
617594
601347
807659
819291
244680
558566
312036
640038
525514
405134
779007
35940
627111
263177
421568
544327
358060
679220
955577
200858
551520
484236
523737
56816
27385
784090
11670
451267
448922
797073
11465
196482
236467
60986
33036
275422
742494
864822
591599
818705
292252
289449
143221
333571
451436
369859
105512
406424
757069
673056
124266
725529
662438
806883
831915
5706
172668
964334
804720
716504
825403
558354
695512
202601
124413
539811
320500
333310
517581
861216
174587
970909
42538
519035
945957
189273
806681
797417
683035
275531
410634
437852
991859
755574
987148
1597
481954
665183
48533
786587
662780
769225
629336
804864
922104
498670
765823
945521
877246
305570
480488
64112
425521
360272
599111
502582
334954
616387
378101
37232
294088
102836
406273
378034
374241
927589
28659
432006
271979
960195
575170
169662
387103
224353
477882
960073
754505
902819
51186
258045
169317
273583
887757
800442
806827
216610
610642
915191
712730
262680
435409
228236
568352
907790
984688
841737
18191
987851
644173
475692
925507
656876
595867
607838
735376
630424
561721
953658
892721
311543
864347
64246
215964
640159
637071
458528
53844
500129
658154
186123
969670
235385
993905
192744
327829
661251
621159
733172
346730
846570
839705
639144
250349
307022
380197
380592
706517
767445
86091
947171
563239
27072
97946
996910
247699
973930
944028
97851
200438
991405
881038
758824
606041
692060
421803
472803
840587
820701
974683
747545
990558
539262
883331
43566
891938
152764
783553
947286
436033
350316
206132
910536
134412
980820
902080
138230
420954
567472
356432
762226
141152
636597
287202
836071
741794
137474
193181
257158
401531
916961
474700
615024
431894
737236
526365
726821
762108
766577
872175
234222
953365
7543
970024
877956
863886
501271
576302
408823
6805
86351
727219
343083
284836
268560
638264
484887
829006
821903
568776
245752
734156
6857
661353
722740
954749
855152
428719
581002
810016
112740
42378
111558
115161
290302
12353
371700
830447
541540
937718
929630
373360
546254
101354
537828
446215
283921
819515
80841
101101
419997
653728
992367
554287
833094
449613
266019
434905
191112
390537
313184
676454
283040
266653
598952
690651
624201
616779
923281
808683
141164
89550
827304
942406
567838
306369
699494
600166
119291
217085
455024
91730
522302
466312
89008
844940
677520
846551
555198
899624
889244
604322
872620
675591
973773
148493
904227
856402
101537
132424
250918
686215
494789
228106
975086
724287
253367
162253
313090
639284
81764
314670
195329
124326
660702
44179
338553
395785
914296
753697
681052
732730
848615
910788
484396
799589
81475
276959
871151
50230
520297
956832
645365
91669
311855
893095
343942
373858
97520
238993
157379
660806
452112
697118
719300
794513
657999
635900
374943
440355
794914
336666
846812
974954
162095
396974
83064
936479
35006
313357
42647
859614
122572
723164
47317
450300
966624
432567
608051
817659
133435
664242
390914
902877
912341
589664
463551
304992
187641
754999
159984
268156
128564
676887
368223
100664
17858
826233
750756
592679
735376
768913
409117
464249
973437
729660
955008
490073
646111
300595
637981
89357
96053
705686
140217
252445
780675
711376
96877
741813
140365
35893
715981
443633
362881
412951
168539
22983
319357
101731
431112
969633
137402
586287
724936
710171
47529
332128
97927
944713
305896
500462
832332
39380
603531
231150
575766
164483
533494
177527
813873
672277
623397
623307
65515
727686
107338
129308
550934
384331
815771
76681
409011
791235
733633
965343
469449
359512
329961
159616
163941
542154
227489
399556
815
589746
27426
108675
344575
810986
935499
468691
176909
392224
238029
104819
589783
243154
520452
374699
106334
35395
294821
433629
143871
864130
735039
132136
421309
661420
881997
87614
113268
332280
57302
987431
110151
583875
281886
678585
778455
961747
757801
1424
134198
441453
340899
479805
721481
961435
470365
572020
756234
516336
624699
285115
471112
382284
722496
537552
74329
708258
669473
671998
406070
211630
36725
7573
544498
283396
764180
196540
708986
723860
3611
911585
363998
595738
793525
845346
586430
451854
170314
934631
506145
645333
886922
310456
8538
326246
180134
784151
892145
925090
831302
603307
973227
408532
11243
775339
412769
935237
108725
197983
49221
254252
593617
690108
245752
991452
106806
849491
365927
647874
321083
485831
547407
57860
615667
228883
88130
891067
981098
734857
616147
95307
113039
237766
851251
83309
593407
221886
274906
683231
934855
763688
32563
281056
215790
87123
68374
666390
242383
972336
14550
124183
332466
296748
799386
17769
849700
625366
963039
565451
961954
855963
939742
9350
36189
749946
407315
157799
946392
888832
964570
600767
897788
279677
704987
334644
263756
28404
390896
82968
740418
52295
815358
442839
217896
565327
57869
101327
481170
185374
138171
147345
552217
865739
99578
367908
139378
787790
268093
401842
424310
125388
537536
416333
57147
170219
115963
583136
243072
396125
552270
960375
490438
807986
602722
955046
365512
727992
621238
225462
178584
485094
785283
271261
781954
989401
678202
371583
572022
967189
59866
172860
695715
670662
605246
389713
365797
240652
448129
120197
970710
249816
972840
667300
13371
905716
421006
862813
61215
240340
991463
361849
155850
302043
670233
469080
953205
22141
306449
427934
591754
839237
538067
705273
965883
459635
768533
813507
142443
227526
216096
510564
775693
973144
178679
83728
153414
613680
885862
459710
287990
481436
7715
766948
239119
800667
203221
997378
562105
212396
13675
769013
335352
558534
353135
433138
762815
812427
442953
484520
79662
209120
300184
538632
19150
434911
165594
298649
140767
327640
933045
988157
250477
487826
618170
83938
21398
625420
995487
78002
306665
550150
284357
596476
810101
158631
370090
300952
758641
278683
420524
821422
189612
531172
347268
861363
28988
988767
269251
202706
618051
42155
475357
956392
313414
611221
847432
674739
96129
220101
96412
813249
217090
845585
222174
662851
473064
318628
913717
609658
216838
262840
375296
837974
862904
291279
23012
98154
952651
360681
505093
202269
490561
397040
935688
761780
134748
459524
859610
30496
206808
314030
625630
603111
588663
262919
113201
71233
942804
815117
234056
831406
448805
802123
745564
398199
956308
65160
711175
13818
159916
45806
387000
422740
350083
890979
777061
819382
102005
557274
815931
80652
930206
884884
974575
659493
541002
459304
649328
24060
76437
323305
879145
58911
103699
991576
371122
803566
950588
786643
721671
643682
650351
140120
628601
464730
672924
223814
59877
804606
874798
775870
884974
120224
877782
524536
372039
680404
556412
955898
894876
201847
756914
461467
487505
662827
128113
645887
222255
703730
993314
622919
309259
298103
8411
60932
717198
432051
965261
11952
47924
63689
195113
447943
119366
616893
513766
672132
481830
341695
999289
281379
132384
458913
219270
374748
331463
884126
381276
410649
994178
882837
41956
393177
713162
689245
840701
579231
483584
1026
163224
736688
402098
683980
874452
337385
875644
391600
816896
364167
193429
757202
543379
33538
883420
850153
694238
3860
418780
538545
434837
436638
389310
656176
143974
813308
526420
633394
161884
846058
487517
823509
678328
897457
136297
811764
629402
550365
170497
281966
101823
851394
274184
426736
322987
70821
896806
809013
220369
250271
22552
684137
327259
515650
51951
421426
537696
729163
141346
116585
689178
471713
190099
118550
95543
366480
988571
175516
226334
827021
22929
848806
851801
136996
304064
866561
95900
879487
675094
59621
554160
763388
156818
236003
916100
121351
811423
505827
8980
562010
435650
838942
235411
307924
295679
819682
473094
775809
666764
979992
186906
851228
760239
702434
862623
381876
225545
883047
386377
719207
69498
466973
316980
238136
681946
715498
953494
392233
100185
866406
999493
165810
301850
106960
609938
295625
949739
225534
8774
818379
486180
830130
158116
608434
912798
923979
728990
817184
12213
745551
293707
567502
21253
337099
611021
437911
141165
628957
525737
133491
208406
670394
492287
743726
245152
433340
900410
523875
118461
658992
303100
447095
25972
874240
988611
289431
674139
207290
331656
514570
325018
521759
746938
444587
353211
255700
531643
990754
243471
315663
362946
771631
296618
36334
993024
669377
31310
463117
174098
193413
657499
609802
790160
707305
992361
228416
818427
300081
892829
949623
301843
868996
634695
451171
676236
573123
436740
619929
511874
215156
791477
251884
911151
2353
530176
166650
478221
781325
779826
359828
899906
168830
738210
964933
996573
397805
820612
251787
633950
767903
874852
485828
5111
606748
698312
552794
3084
457536
177533
543186
907785
603034
199358
907068
249388
253758
793007
63895
306264
210883
293819
68496
956563
674828
394443
454283
878587
35854
435391
115409
262440
835118
958020
338354
670238
811854
265279
934534
746523
490947
858421
928586
177717
918100
64039
471817
98819
68891
890631
138640
181182
128099
71779
353707
237806
538284
443199
919495
134575
696369
557058
621382
451840
76218
11306
149124
381563
697623
145329
49883
874659
507427
181829
716254
888941
659337
30365
99222
407897
786063
755832
688965
812496
531022
444315
960838
869474
506140
555762
726815
78798
567095
110822
973370
973740
464557
422484
559108
568636
913746
28501
957306
371088
64303
352767
324110
60127
994773
672839
572880
481591
791073
221630
702244
667777
336056
517252
320317
825214
650764
558077
932759
524262
362252
349809
259486
827185
761769
178658
833218
761206
887153
729049
701893
165614
946171
858715
949937
802448
27145
662703
184236
945841
956147
350223
251865
859663
921796
981193
591645
468454
335386
733967
157869
5715
814209
709305
612977
813720
93189
264701
862565
31917
194634
53241
109135
821315
210694
315267
629673
425529
286899
835897
447561
824726
944727
179824
994549
239012
709495
892049
410168
450653
441789
813666
555026
749213
306595
823119
333254
372243
488452
893985
178602
651361
918337
104633
834280
480712
389260
967237
50905
979160
23294
211071
626613
897981
477345
211880
636323
180896
28929
29267
366439
417995
428391
450539
257981
510673
738283
132937
833093
343084
951247
693993
328011
137372
190490
694365
810014
404153
335877
38566
423158
193278
881896
755578
544318
450923
17267
624854
924160
888057
317
408329
568348
23637
793835
380015
119187
125653
379327
60358
124730
351661
821956
10947
261293
968560
414671
558355
159624
790907
423886
619561
969050
126616
861576
996028
19437
617240
729229
36022
18665
562560
302249
321145
690574
300428
327525
640515
654317
394218
70799
830978
133916
416880
516595
482040
179220
747180
920103
372196
616154
839390
500194
539150
288694
88135
693432
342296
693801
633091
26414
239881
266521
40185
563754
237548
317138
881234
595499
843906
148077
722514
205017
76071
900111
304075
416680
29814
731627
378545
944341
763012
521823
485252
103788
864241
96833
87114
980906
600561
672915
207367
164287
331712
957280
984224
803345
933929
744810
605401
208601
153970
651548
647284
436492
12905
267587
850143
851841
799774
610850
669137
659699
895781
977486
687525
246654
675851
678440
373738
973681
438599
255865
623650
115266
1728
675145
154089
731555
145579
464581
34109
975907
725436
208603
709410
650410
678522
642902
738992
551755
596610
783213
77474
115441
646234
158378
743088
263226
463344
264890
742480
790259
416766
50780
480769
217001
579606
503427
370175
4945
236308
648707
552717
674333
626938
871850
292684
29343
780382
400242
685618
153990
869467
939306
306402
383055
635225
717534
65456
523325
300838
28669
127908
646881
20002
595390
725558
999913
224163
71538
354076
586894
267414
490738
188213
451012
319268
45909
880457
736782
606932
517646
350199
703528
819823
317359
698211
55692
723919
879380
604117
455825
437456
542877
422812
339368
462449
413875
437182
631496
690904
125721
702847
944973
820805
948981
146446
276191
47534
286707
413537
645764
30768
19265
196497
14784
420615
856791
366939
186093
182314
468730
592146
290050
161640
557803
424846
837039
378360
143394
720704
126073
628825
677444
96936
428628
838768
808915
365203
352916
257930
480793
524540
378890
518805
21285
206368
187751
924958
989798
302007
113905
100969
325412
614939
717072
260126
58865
66521
505090
738372
510217
238394
610185
700275
296361
185666
339810
640216
955916
919174
673562
526871
395983
327253
920370
879937
617414
979281
206795
509266
997661
436645
582983
379189
912765
532323
837535
86336
614124
82652
77502
199386
892605
2842
647659
861035
66425
667357
662050
870231
906981
156461
324629
995553
617923
878940
179997
419961
981412
853510
680992
469245
670831
280121
427045
588862
846887
725602
51803
819188
197312
820603
800069
8363
699008
690155
434615
518797
786239
416951
928461
707800
638818
127182
246851
979507
878321
97084
823547
714129
630202
909635
734498
845080
667343
22703
776437
636286
982768
468860
55974
626793
600849
117666
78289
584968
919030
469166
139167
30796
294266
107202
476402
514200
375999
724225
769435
924097
179301
23709
487357
833450
813974
573151
485296
846118
709909
790762
936871
722843
549726
482406
138072
98606
640821
678809
185514
522633
96382
607052
219245
528256
714049
937944
983279
429448
30566
473438
158452
588278
141919
234644
576864
644918
553898
644809
751342
609713
372015
336275
918043
964754
859327
675379
372342
979938
423132
979495
724641
620823
463484
89638
787623
882593
171617
44817
425389
944886
170839
800146
639921
700058
990314
90843
238362
433837
303429
411488
522708
399548
711466
700861
198826
878839
38229
403202
486959
422555
924614
479341
975112
707594
464085
375724
834394
273657
267115
506514
348107
508840
120174
282473
329182
256390
192161
410129
580497
795095
682371
661849
516977
110943
866460
246636
407985
225669
485341
138072
288883
864451
472428
741157
570966
925788
522307
626358
43912
186333
537769
582453
821284
310954
624690
867464
925225
612272
196385
383939
347406
912281
387969
148246
370800
820751
52264
193589
604233
642983
403283
693397
374066
575998
283220
578283
380221
718625
990469
365801
579367
887853
274076
719647
104182
357451
203266
730716
573612
73423
99927
861382
386171
57649
586808
688470
874921
739233
229917
424794
584782
615467
804127
110743
825881
354858
835128
404693
705700
827846
662426
668182
873699
256680
34388
787751
200770
576673
937421
323981
688930
58629
526104
461787
912877
381670
433967
984098
803625
374265
294619
212165
47771
674598
915855
228446
355102
47082
646373
574114
268276
227764
909073
160444
217388
173811
50860
324337
675979
362573
31243
271359
724936
982591
309431
738291
194345
516060
691027
589846
982497
356768
261365
166486
382319
693746
567609
261263
107816
563856
271858
905395
154587
718649
194631
310427
426127
867404
145926
946526
445574
678905
540820
823479
715162
962493
169971
769830
648915
956497
38690
694520
302400
458840
873990
567179
537243
170149
699958
143056
191027
788928
806896
762926
745470
646897
735187
7150
130968
110211
82260
332424
171249
8228
576939
225850
236296
455738
61171
813667
204817
452370
275784
187822
918744
233363
440656
751028
998965
964928
709298
75945
522342
382645
319795
378300
911258
343255
510686
850571
651329
229819
852005
742733
13493
209042
776866
829656
853811
862267
132051
262484
169675
241000
507317
136366
824507
150868
443914
185073
721172
586350
675638
608835
155909
4170
905922
262662
428180
455860
31117
531564
461917
762359
841527
698552
401343
864503
119255
994652
290766
76030
667378
851173
489132
157523
849404
485506
824999
677076
707583
253269
954548
469964
849152
554213
213679
366804
678536
729616
750663
437
790459
22944
317249
24912
225371
640328
408394
471086
369538
514537
544856
144906
806389
867930
290271
156590
255281
451501
571123
77476
868662
373073
545886
694356
899956
954603
706640
521041
624433
361784
55954
527607
963828
65117
168912
632151
600296
375069
141828
172524
332707
673313
901106
349973
777158
934923
859041
739416
197171
247438
149525
416052
207591
461091
111731
817746
123433
80684
21484
971805
618293
380661
159028
15646
427095
49061
91713
631907
821489
245082
48307
199066
724525
486781
105534
685203
898226
943002
513221
894788
756688
883443
729569
512515
878051
52822
284579
59974
621285
597316
827789
538966
509740
481774
718615
700523
29354
236458
844327
816878
794576
562872
459473
439795
817416
655890
281359
338315
398204
702249
185361
881359
418845
821891
18284
984060
598046
771815
120327
135819
452492
309606
675945
640548
632320
86946
705096
410053
564843
336850
593810
481660
397734
161230
684874
211885
793124
26816
537989
145487
749618
829705
373435
694040
852648
723271
123614
569612
150664
286419
41589
734032
590666
448993
110687
423082
621424
534368
85606
62230
588393
740509
58805
708326
686629
240353
391499
214148
840677
415483
865850
257340
720842
956709
407578
599314
792722
538958
51035
229736
151106
878958
650766
751187
157381
80308
289819
152356
674163
682849
431563
595121
52005
438424
849725
946601
847816
318548
279811
949468
158768
691768
859717
290306
868491
95408
530453
691999
19383
821555
344076
903822
24721
30085
784764
706717
70329
422218
183929
707299
539689
951589
523121
574607
512783
626605
154665
170586
128485
412163
247467
914078
341146
379472
833
645253
629968
580270
569006
704209
683571
668047
62463
916949
379386
799863
368202
815941
818992
702401
96698
777067
443246
956196
538134
660303
84263
716984
234958
371081
384717
999814
760151
555151
452433
540444
312529
838266
741510
951099
241995
403607
576105
443751
453949
813044
317524
451157
381356
775835
713225
483054
994087
393814
497268
865099
597630
498298
340984
509468
418892
214992
85506
22771
389782
517899
716314
728958
74256
377251
582460
68583
511076
558637
466520
502980
960520
687957
814152
459768
463159
467209
876958
794223
611322
478151
484954
950988
466282
471884
361123
32318
281027
909684
354644
926320
272812
589580
48722
125791
919820
477219
746424
762046
832143
540893
52131
573474
605494
888820
226713
681232
340175
939288
275379
716882
54319
861096
801862
845642
888261
698219
860986
630778
517219
170961
833759
349979
130373
948046
415657
6785
623270
60954
557734
751381
408229
127419
885319
267276
375196
996724
237254
501443
315080
986346
301797
924410
702288
723607
82690
710583
558177
808888
798631
613364
208233
169483
421889
726337
700598
781892
347562
518990
611995
729123
765070
27349
992595
32541
406093
171393
928867
160813
623866
534935
296568
532999
285187
966938
23806
665090
643135
915818
866305
545893
392402
201512
570145
101700
401934
617071
933369
869991
608442
440634
868702
758536
61288
799197
593823
781275
4556
729793
287335
792588
150446
861557
182896
55076
912499
645614
336406
513887
767665
494299
383402
157566
544453
441834
970031
927487
645168
634864
912005
691202
678978
957839
945220
330957
978557
128336
733826
355652
851395
936501
3210
555586
335083
545104
807949
556372
732419
53825
411490
142175
623854
512937
885199
457537
704411
215641
13092
781831
502144
488112
637903
435737
330685
971384
198977
163470
130976
384527
211823
532452
950026
686262
170387
488035
503316
441323
529962
644040
659962
364223
250276
814887
970789
648504
559942
927596
994638
338922
492916
660405
651063
211092
250517
649552
434803
338143
362374
608247
83366
51047
503246
995891
526706
431804
754970
654653
536579
782502
541250
45783
628820
432370
84412
740708
923905
90153
937614
945388
548680
791420
344870
73156
876689
3133
865152
831063
816406
893239
762415
571538
220971
510868
926092
874442
885088
159849
585998
230824
209976
372595
683669
972365
287848
488511
539301
126382
695737
738862
93281
599575
814386
142855
24763
770246
903306
358568
293749
823810
911767
136954
694628
41347
580652
368098
128506
437969
993242
876390
675334
937617
805484
745177
159573
532460
58182
548322
711257
662516
255445
763908
176971
109981
209538
61967
982719
378478
566494
249158
927842
983708
104647
817071
442491
739775
37858
208327
467967
390827
513186
974146
118983
405470
630006
221563
986782
257273
331639
507964
598240
99210
613209
543729
807106
222687
274520
440416
590942
44932
670539
873152
182140
493122
304248
745191
245994
95962
426775
597186
511923
722449
894591
621033
730595
846185
844826
507344
265120
31781
238095
955811
819034
405088
269442
750101
955919
748057
27298
437564
691220
895593
665133
743920
419176
440052
538162
95744
79715
765273
770593
545298
771187
149597
355278
990403
971680
417236
452298
653105
892637
859923
623364
123360
844741
408995
582715
816207
759027
418735
811402
777612
622678
725400
467175
833240
813139
965837
590233
937989
596447
967516
83089
443814
807159
666424
822907
228477
160374
569632
18761
436158
896006
310392
740508
460174
20067
864038
435252
428336
893637
940489
970758
673311
806126
61871
286205
251942
545128
357482
331345
54579
138542
895986
619779
181798
29995
315261
356613
991118
973977
252583
234754
431304
660448
342364
415990
540115
333240
839261
182254
299260
31899
518622
534435
757206
2527
712161
137146
730931
116788
562438
909805
218120
903777
217834
979339
860299
768469
269860
559642
587250
598579
388214
698637
20712
679055
635433
913789
926454
898061
635244
620167
255798
406856
180695
218078
238232
801603
514770
7865
893874
478522
352114
668670
131187
541095
542854
596586
40229
635872
286038
609556
184694
621806
893403
206816
250960
771399
868017
387724
587081
50793
556427
872509
840052
828062
394697
24862
394882
542452
696764
57220
257244
805107
41788
794064
628046
281501
711952
303630
886990
716153
801594
934494
318025
846799
814050
380021
913650
978929
714636
289705
521594
35514
154694
121961
980415
309249
595558
613332
924529
524646
633452
468429
608795
96243
420462
627670
42229
942614
830540
268356
677455
131824
635568
865791
792435
122117
618266
438496
327227
762017
1169
752406
611304
390314
515112
716425
82021
663028
290948
834526
806018
751982
764456
641764
515114
76112
311588
885258
10802
505583
839281
270624
258167
766393
630451
150818
661006
853085
284871
462118
547853
743039
241515
381951
984487
196848
312138
653985
328745
564017
135994
342740
489082
287349
724549
909854
820174
526602
811963
258115
239442
447325
438700
769514
98421
72710
783853
722509
783476
308987
28484
626323
183518
995239
426669
20596
489832
698129
409436
534446
181744
186075
180933
113823
581977
484022
73432
966434
954804
548411
472771
809842
681360
352799
127374
599905
739118
741338
805779
201120
36348
139371
427965
410466
533761
23504
219923
775442
675946
629852
420491
646440
386962
580451
819584
755957
404261
8198
421015
442817
979409
393639
366183
588942
406913
593569
741934
450288
406079
51146
428064
238863
995797
650713
582913
121140
726246
458510
65066
645074
775645
991385
68732
769950
824582
900146
235523
844868
229703
413803
639080
47338
393295
973074
600279
752125
1989
460955
313904
818865
640172
68149
858871
333896
748519
152751
360375
976447
22448
28281
894416
823284
176160
142589
282835
531050
473474
185506
984572
333924
246628
747313
236559
225170
910794
521456
354686
744646
626847
592015
811728
855404
848801
766251
477941
579400
711089
15689
127827
789415
484392
16278
639593
789447
865355
431511
595580
746240
914699
227966
805190
123737
33843
615654
67968
10642
580911
208155
518914
582314
932255
271615
776115
714901
19939
186004
353519
749217
628860
637360
411636
285770
509640
575808
170536
870426
163727
844525
153563
955670
701986
72694
780697
697989
389920
70533
700668
282131
410526
792782
239056
956991
284255
601925
439957
577763
237236
896852
734346
591879
500131
647539
602770
791465
307132
199982
398839
29474
65725
962840
351486
787688
710417
644170
162913
697458
537629
705696
483624
117113
371669
234384
954075
800779
222721
604489
893281
441586
294259
400846
182877
730356
315452
134072
326560
645119
617568
95823
331765
404423
565434
60849
887579
560270
110248
661619
402613
914931
758541
923966
257209
157387
934138
372487
590884
935729
889272
954464
346267
44760
86057
503527
92657
659985
861686
345165
633263
662942
736857
981942
901060
912725
242163
252977
817924
429854
781520
920350
400985
899036
865955
294622
609369
855247
803957
459976
98472
24171
953400
219599
460473
982933
19207
817198
559306
875880
95664
521521
895868
688668
214460
580933
676810
655595
539979
873611
790474
906522
105118
757689
153439
372608
591678
132393
153464
456338
885688
967740
672753
693142
569732
910385
659305
947668
519605
593558
87866
161879
568959
693900
926823
101194
796306
705974
898393
142822
143290
894993
882945
412906
849883
539383
141521
429067
653916
257962
956983
623758
671026
551528
159229
64531
931439
394809
532724
52288
969331
115997
906362
85686
469045
112809
818531
936735
942925
515434
934926
668828
621229
805661
410271
1262
264974
158648
226550
809007
480391
922793
711839
88670
809395
808231
59544
600372
293821
122688
112893
183375
664029
789765
310539
844173
38230
120827
572944
105029
927166
748684
47833
11394
635600
867319
215161
22083
633212
130103
877595
939379
602793
73017
604597
426916
540212
725067
36019
125557
875749
795845
719016
708593
30762
166068
425301
964183
437430
350396
367980
466142
840898
36920
581853
646690
749593
994704
513596
458591
313038
848185
534268
305840
934471
969548
147150
804649
307038
212519
575316
56330
236193
17132
105889
51470
966111
82584
457432
594177
587831
983272
480901
894923
455587
817267
627532
763660
668875
532941
930374
464827
733990
454999
589858
451386
980436
379881
800936
329027
314866
384517
546562
493399
866325
611123
846179
589648
809240
764169
983436
863085
572076
640073
703354
785482
221856
896091
202697
568827
22530
30451
968685
998958
417478
781370
122668
292914
900333
978695
986303
954813
129005
10865
38974
342973
892509
939227
423439
331468
22868
829508
898888
615922
322372
806391
523761
426261
713990
633073
728691
436242
664876
654023
800156
598031
666598
505198
734845
122505
805888
196767
934578
385026
61279
709467
798958
87075
413195
741345
7467
271450
627369
643204
362531
331784
806355
637160
658669
177813
99830
648452
527205
677997
744836
355307
818469
221450
516694
30461
896153
181598
613800
586263
710443
577134
859001
787123
360903
371208
184188
80423
710504
175929
277669
598246
159633
673144
145488
986649
996642
244250
554453
330347
426262
619850
742377
176609
624251
494058
968520
500611
673791
521290
850771
819137
507675
381608
901808
207737
377989
122184
729034
185545
186435
860385
478281
904379
51930
109285
905004
182786
625405
382999
497244
325956
290094
315080
671927
739582
955539
135876
666521
214739
206823
906795
875102
509775
510778
158623
920919
356542
885068
304781
643682
416685
175931
547640
717198
938374
795077
810743
410699
715393
132951
457587
462946
112281
88322
702985
283843
9056
994532
265281
110808
573171
357045
239779
663830
225594
7751
290589
625516
987538
936218
571659
813907
398284
354167
236260
565033
44579
866529
113834
156396
424522
620698
317124
828023
77956
270724
899777
25995
433691
45328
157293
339452
994335
812455
150214
966540
565841
794571
961914
534158
723469
859530
214803
535475
870607
831664
679172
52748
134120
616974
572139
584687
785171
113899
400777
903874
49714
571187
213359
924283
862708
197964
503944
256591
610051
776863
330756
54005
5625
203208
15319
159182
81101
383026
130109
903853
427962
818952
919835
231208
926655
222949
794100
35103
860056
456678
68903
412052
937071
106400
808616
933804
61580
751274
101709
405866
312588
135547
160246
614044
375944
328383
672365
742026
315875
330289
665444
945428
469381
264826
757948
336665
396934
406571
554275
771282
8788
843998
343360
120106
531798
6464
8536
810454
949254
286055
985699
363413
5504
39690
407549
740657
162890
990420
895499
826590
57481
768995
139591
829539
893289
918619
154062
9550
374680
964355
231208
972749
167812
826287
603781
198182
711603
438280
998378
272758
312116
101104
265167
133115
224150
194042
113126
574854
692794
436095
449389
493901
375549
503246
484978
985678
812216
281759
315184
345645
411912
176438
364415
79855
209181
116798
887562
917290
886287
277018
764567
70528
378587
501972
719072
736687
661468
361645
771402
314568
826070
610655
904668
323583
190961
251154
810494
304139
291419
467516
89828
524379
743805
531484
408382
941651
7304
491768
949072
649771
996397
977873
858486
129604
876493
169768
708560
496370
552266
723073
942256
609835
633596
735787
753673
25240
45461
591372
467545
437098
806090
763314
164515
477657
477452
64888
444621
795054
605468
181130
602003
730735
153010
853095
400883
823809
920305
160725
780016
579456
68942
658477
100019
75755
701916
191752
195116
479789
39431
483290
231067
519406
940433
250358
839140
149234
555351
249089
677690
267119
447737
222450
2304
226872
31491
712541
166949
322254
188809
794625
572978
107255
991610
12867
360465
736540
280526
541557
325121
757139
821259
503058
416510
879161
34320
168547
842090
180623
205905
245200
455466
908970
552381
34810
144801
181306
713676
376770
365732
231924
286789
921166
747883
960988
542096
90437
597957
617816
687267
790056
303183
430284
969026
412499
629910
752471
474754
943771
731307
699044
182693
433688
8078
439601
849908
99686
138575
584828
709262
833858
288241
112558
371289
750184
10882
260519
72669
449107
912716
475024
473855
534694
503591
212252
865529
948535
163322
65255
191167
122279
718639
698200
86903
931251
364756
910095
73917
548760
559413
823858
413662
1616
16129
523938
55606
47217
209135
459180
930299
630643
20837
387866
739032
310592
380160
993070
83771
123576
993273
713702
955762
31024
172664
571181
5365
58992
329924
405522
908712
68064
151746
601690
43363
344200
793691
783272
944025
687034
574520
240850
311084
846259
296159
466825
429821
284195
593624
511693
12297
322227
945556
846522
716314
400651
152204
111162
921185
515549
233216
228141
707527
477939
336234
552321
892122
325047
48193
651532
796996
264500
602850
199764
935472
855631
264054
880261
581810
337992
719609
691383
898033
885788
299899
6139
202834
844176
746129
316181
56293
876090
733352
917113
195416
948747
413733
559196
398505
583519
589588
65038
561379
806653
450694
332193
824911
980872
3386
199998
132862
723067
232314
237013
717261
518850
895620
584326
296766
657216
735742
774750
662089
526091
852993
486375
774423
730720
572368
557638
113240
324398
651896
415551
498129
105476
984078
448359
490065
484465
444499
9701
245316
217219
162616
166029
877200
764460
828791
452722
973140
291052
715591
554894
2961
14249
210368
934407
186133
86107
855195
328055
854698
930040
659587
984437
671475
778682
218182
468819
994287
177290
212245
803169
394779
834350
66034
868185
745825
523915
754888
869644
120144
963768
269978
861666
411745
561409
705272
753937
516804
237899
824976
551500
864703
572364
763777
523386
150539
335681
16360
191275
625583
298424
839634
623859
722665
295448
164617
321988
249043
391227
606042
993543
93735
888924
754713
588942
794428
464294
803178
598295
82888
77434
317917
156952
995257
913759
186244
94091
911868
562061
823472
428228
523813
105261
144504
732605
524474
766228
369271
794740
925717
698402
305095
35929
349739
244472
706088
449813
370384
734586
401406
845976
241579
982002
729049
388476
621678
962168
343651
178154
470997
533780
267968
550481
94851
796436
68283
766271
689745
386459
130000
148485
450242
944451
589650
887320
718331
495100
26031
609694
846355
671000
178137
589728
70783
555966
53619
710060
465660
928324
553203
704061
8502
947742
86014
953416
37918
6437
329661
313302
497916
972796
941565
846573
674378
594395
311969
18311
442662
575615
281038
59612
869636
367039
384504
993530
503412
606573
441550
266837
170912
369991
870397
349421
732089
496377
456377
920808
843222
760924
465754
301291
29924
52719
802170
563523
885792
6158
883395
168986
38826
655867
792528
488067
640359
386240
357571
176076
113234
326732
552726
468489
353378
813796
85159
316293
775669
43410
195695
757895
976718
258736
82534
682337
326868
910738
943187
381806
287422
474239
928932
525629
971459
94988
422807
277471
335361
246337
47004
959527
758167
388738
503455
484424
997929
194160
352319
81930
85371
607706
919108
964104
128629
122445
936266
204945
411772
878861
369522
782069
638824
513599
249011
152832
851769
612264
492484
98913
396428
446769
344492
126943
56497
160658
671155
791432
464868
513104
835017
13493
118613
988102
359953
242821
218563
957120
988980
977496
166232
603206
982736
569529
699437
540041
559462
900422
532472