87617
303444
980912
183546
472702
412314
149506
815495
189679
791373
521195
237966
349799
963042
690055
554403
909875
205473
895946
154496
407013
110390
441952
848956
760273
77898
542404
204884
523816
650
588006
14752
415088
615180
151958
941210
395231
567958
727960
122195
641465
227789
529546
455740
750237
553353
521609
594729
296266
941550
112761
754403
189721
248456
929058
157869
205382
797325
199340
935256
518681
292639
460065
643279
336330
745874
90847
854397
525771
924357
510717
59147
89723
394240
563971
746806
533219
540653
584741
274718
36074
371622
27270
99624
399805
309997
246964
776698
497295
514918
805298
373544
727315
262359
656569
588619
657954
239691
733891
533029

213629
759074
681548
595835
995180
381512
74517
187815
205166
672015
452685
340874
956585
840360
182143
301070
72455
150076
290421
567319
107825
933353
607698
492877
610905
282956
362476
451259
489957
780843
820553
539456
686747
895127
195048
619169
600898
160029
306327
964585
58269
714043
228507
313496
955242
461457
400270
857907
577775
491036
473675
637876
101116
992788
248936
559162
515656
804551
848664
438117
220332
875035
483397
949838
255551
452913
767312
568225
678320
962730
66870
265065
187785
16949
703697
753559
251045
309504
876761
803562
77895
407049
502072
108402
260306
695352
695655
441548
200357
371466
820462
35543
48727
361528
916076
594827
485756
55712
619173
284507