709533
218048
969793
305234
801280
107332
793810
195551
378937
464011
317955
133752
592613
550672
353536
104062
886965
51739
886627
878939
638571
144907
956947
35308
27171
65001
461634
789312
523187
278987
937918
129948
212184
177649
706714
504785
441788
333781
15965
346145
630361
129302
761872
711802
399866
718782
887896
281529
535329
206769
654886
317698
634353
245746
814890
363809
564815
752121
955311
406684
115734
927435
258508
138338
790241
386109
557887
395049
601390
632570
178641
733278
184734
686517
6981
449410
651806
251154
249121
557740
579973
605498
225718
272699
500085
100372
52346
423771
70984
962815
316547
241414
209231
934290
550428
261608
428846
284843
655880
623592
913512
922837
288428
781232
609654
948843
10677
505088
114646
119599
490243
41559
737743
850567
791243
409099
383565
312478
738115
955515
896530
158105
500201
489397
211659
52755
914282
131402
415110
593707
482009
586365
341518
499242
40077
406176
404745
965991
463331
127752
748748
12384
320748
110559
959298
94300
461248
770954
128051
228313
712230
342780
683213
792063
60449
21079
333230
831539
892882
639274
516485
218098
64530
107536
428914
854248
868111
55741
889934
846300
664795
424515
668833
394510
162632
537588
904946
320584
230308
198475
904800
557039
639381
40017
553541
134112
674822
220956
556207
448200
85346
297753
402985
879943
21118
22355
675323
368919
32895
894718
182558
50277
296147
182259
834687
516135
997663
970153
504797
702122
374228
129174
323061
871642
82006
521034
409772
276211
121407
660469
221258
480255
912779
335373
298413
853155
658826
805364
180982
198173
897848
174893
136519
839248
270255
861001
285979
267935
82885
326001
985385
338614
65929
629393
126177
525317
444939
498315
437734
598862
443498
555517
783586
2898
213957
565846
115699
710767
51901
527305
471345
990047
250399
681002
64886
163353
485786
446358
928859
995186
733312
24783
708824
562056
173610
497053
968286
438078
994146
536863
791557
700154
42597
361026
96222
717085
756994
76085
625618
205073
584978
506439
887627
433073
462261
776546
450934
307719
138013
922259
777054
875091
511650
293185
762797
106955
195564
493244
401574
932476
151319
468772
515742
127258
528750
674780
122951
988392
139430
172080
521349
999149
863705
716314
133408
809850
130289
923720
406179
992157
847033
314552
52427
271692
47215
583860
565686
193380
741526
477514
606743
396642
633886
336869
654566
837597
498593
145371
162274
44490
65842
68236
631639
171371
591992
933255
295942
820382
328397
626496
658466
275346
806978
150051
428627
103395
573784
707207
994319
260649
655769
881464
181872
597696
515100
26199
795885
138601
464092
159980
900529
927135
291812
362929
132650
71339
748852
104196
420505
949148
139211
18429
784128
691306
122956
466098
790109
669706
273151
116429
47913
5031
84348
918002
770123
337460
564503
154053
208825
670288
868938
443175
642120
358397
304459
715404
714217
771331
38237
101119
242113
939476
284222
291110
539943
329034
747372
807808
558973
773674
683493
399410
483019
234218
739523
931162
492248
809545
651957
38037
18220
458401
35731
970832
532390
874555
493788
621361
874959
130564
902000
172383
783267
586744
845224
662586
612403
773696
117580
308985
321696
790373
825908
183201
770513
151514
20069
314136
326179
691036
723314
55592
300920
760231
781793
914674
574556
635700
39293
604620
90339
920692
420558
406873
921880
922832
222151
435050
999034
320112
631692
685542
866975
485088
195011
12966
985036
645875
554684
121005
820653
396624
537073
623811
78405
580258
491293
992443
759919
754761
593788
809276
287306
281964
19190
360168
117598
65027
825872
563228
745373
87777
349749
180117
954205
228708
149133
590644
40347
52204
977898
44146
308133
63674
593095
704248
560870
543861
364662
525680
719173
943366
787966
82817
951120
45523
95795
349117
854085
378380
381288
364429
757406
81522
903026
300781
180820
112466
802705
79541
630506
765724
251512
868670
21406
1085
660454
8844
682741
2614
356848
501138
359462
34616
728531
58871
166140
273067
173428
278899
408680
207577
146019
608023
452970
250612
487462
915740
276111
994267
487616
677599
137066
726887
134032
880455
900036
105912
379345
253255
429545
565566
638754
539277
921956
888541
155966
732350
41122
913656
126453
88374
987558
748805
513998
167635
292497
222431
970000
117043
524882
144529
495919
487357
551470
205219
490031
497184
429778
289360
547276
243878
81466
197432
933313
949357
459728
84638
375317
470865
122455
145909
847686
264477
143895
544540
216160
486197
663125
473490
844109
547495
555372
237076
441458
895817
644451
475547
362799
861177
598573
613748
721411
656682
405789
298902
557910
685983
385613
521597
646389
47698
498394
606066
171024
658178
300959
744904
153518
513571
419227
994133
353837
378955
168756
133527
819341
418372
40623
532164
54534
874328
799454
700768
280914
99588
344206
292013
164935
768312
265749
561714
778467
316068
792478
845096
727712
312400
269623
502844
999309
684491
965310
935300
26714
580154
432130
617779
787854
237025
468726
640554
156182
493558
112227
389270
355613
269609
225460
609085
232534
931386
685297
52251
985609
155102
25608
98768
456716
596312
758631
828312
886220
164688
37258
841353
261915
534093
75034
997883
398509
109839
500260
501813
470673
645461
69376
532023
692694
423935
770892
496376
575485
340107
408449
847031
679450
294732
130575
208762
937051
260067
928608
742069
769399
187753
326158
594617
167630
659504
625171
377937
783102
183951
938966
876052
165624
679628
888675
859201
962037
579526
459454
629939
894953
722990
3099
734768
662180
597717
155113
109580
542136
485856
396519
389645
306028
8226
364452
648577
206716
754415
860379
773610
174886
977341
676563
657517
717264
743054
560627
711239
513986
896962
202709
397971
967563
139236
533036
846606
538309
927348
926921
624546
924718
67570
874814
599970
622070
522747
90028
8364
835248
113222
235466
344060
456863
341370
874751
25496
212216
327573
565291
318649
329684
174747
897756
178685
71692
498498
344437
588769
344709
552218
131947
577890
244833
551247
148232
462447
510342
390607
446412
575127
188645
990852
650565
393803
846641
73048
224201
798459
631202
297550
177572
336029
381102
453331
657998
79375
376474
901181
500596
193592
294410
374815
446523
790887
667638
908218
309889
885087
903760
290421
630699
604282
121887
670010
585800
474140
456002
825612
970326
918038
283265
504641
820792
848426
173000
815068
483511
12842
893814
285006
228317
238797
540866
164302
480533
719386
713093
614170
675137
855993
500439
12627
998883
519718
213746
619590
242052
653119
81132
513187
878166
787822
968471
223352
537953
39404
303786
832133
419026
150219
541065
408277
604512
829008
669457
449328
469509
384712
105235
842298
283287
496509
41724
385107
778633
128457
127392
424095
366602
512399
664556
836522
471131
66075
860300
575096
662601
359421
977971
286251
821827
777623
726277
337081
461699
816289
866235
992595
532766
176850
919639
440139
98045
468635
916221
876562
121178
588685
78460
536354
268279
112753
418585
617267
681290
355934
302171
679737
368813
988740
620011
673481
728192
488679
676711
253514
194491
534269
371810
962276
116984
132612
583223
494847
50515
517504
975956
858741
550591
247327
333034
847941
365662
792683
831858
403691
285644
810945
714506
97614
919058
782367
958850
134235
516777
463166
346265
413415
365702
8709
876504
97762
955542
655583
739912
301451
255951
611831
615651
14797
849581
83034
497026
700541
60996
589535
621999
865152
104915
586137
930882
935392
422099
132181
945689
189247
34307
926589
333039
995806
183461
969916
624651
912785
924079
914777
322496
826136
226964
453165
270949
186637
343682
499684
309694
66149
93556
772959
580232
166474
387973
808288
560193
642078
191303
493184
509545
297606
840979
938769
798809
386199
861471
835480
454908
955095
669682
528429
576439
952009
703147
491525
235255
225582
143920
887391
127378
846258
303363
834204
470008
84650
122449
18856
732482
233579
911089
423015
494862
129233
660795
681964
177169
905801
266600
247624
526574
914459
503598
513768
405581
76982
532566
860441
181955
962293
511511
643510
404034
585488
728253
842084
366482
874402
568184
894066
817310
261056
105348
533285
32549
41304
407634
262509
292282
531176
540264
999109
969584
871318
695476
511022
907713
975913
115678
662446
999292
218235
129134
575858
726574
744373
864343
846751
608460
852635
44771
42312
676341
360439
292889
94684
252485
395217
391619
263257
42864
110816
903569
266993
836802
318635
568878
23377
368807
466540
272270
258403
540861
771693
73455
744805
87062
617104
597230
281846
392123
214946
904759
846895
531128
298948
257827
807987
228783
132958
524789
296607
105687
579195
186825
739935
11746
308614
647114
760160
222614
525774
210707
823730
374633
903690
621158
459810
590275
436043
329088
75092
526024
337166
407749
798406
914576
187618
819862
476369
54737
809417
326001
385071
753637
75503
757381
331538
510593
957121
722399
993315
429696
498019
244394
345129
559817
678868
757390
676956
505350
682147
8182
671956
338229
73172
581486
637050
431234
499501
212386
162304
262774
788174
102923
885146
250388
129042
152379
101536
513537
976878
964999
79796
976346
930290
730136
708948
302893
795242
77068
630136
316460
701981
687271
22394
484284
434517
476604
792408
427890
592348
581304
401005
473034
556626
366213
496368
818415
38589
454995
226089
357650
934281
891431
863295
585191
12830
974439
531425
66037
6237
263402
602179
726505
470633
126707
582403
359131
239197
892843
494446
632577
517935
725505
699247
269500
891973
212987
852483
510833
724788
395078
679265
933728
160960
933224
200557
104265
237682
68151
595351
664951
171063
188367
682709
812124
85112
968443
631841
417339
972058
556122
101307
669714
772060
225186
841773
985353
173035
673624
79431
267112
732707
550774
874515
243565
400223
220953
895935
371344
482041
46182
743892
889181
15296
890412
248640
458620
328832
317421
997496
910498
722949
842948
874661
133391
79987
242047
625855
234646
910448
429397
481011
977938
645375
449146
858774
256582
143437
247212
185456
818184
658883
950268
181069
142580
926547
576794
351259
778277
818218
830342
319700
333717
434638
764733
247312
634387
862666
678515
976306
368080
281307
291409
730564
947675
151690
655603
321837
384481
505710
180275
770645
639086
604321
556473
429407
797368
475689
141740
41720
662264
399833
866774
74092
88216
133346
670283
107649
627579
966009
698502
591851
68514
418338
922489
504578
469595
923433
178620
534827
940779
966872
65605
534135
305221
61611
55981
493740
902827
191604
784406
401217
473461
984037
794078
900591
262670
967100
855099
234694
907810
813113
301502
658009
667660
698947
195849
258777
192565
636499
813695
252965
289762
302442
161669
241295
464878
632290
975686
550925
599244
828038
573569
825346
154532
572073
884841
585945
315275
405700
585185
357487
434486
136415
793248
827095
71635
943648
86433
568697
534797
942097
389242
411543
922575
453790
364270
365838
736504
579983
651066
698390
686916
963608
83684
49924
344924
736247
13673
480340
214075
917435
41588
240923
186498
924265
579383
688795
176481
631226
403002
465501
436310
597982
960610
875989
734651
820064
301086
409022
920201
841967
756158
2684
804248
786031
191507
659449
431733
130577
993831
91996
363172
251633
105946
171377
758232
91756
549859
348280
541514
836092
405454
754892
683450
94842
23329
404512
481950
721532
89362
710270
189528
641019
430009
519689
388959
38629
821144
206578
561660
299509
488244
329234
571118
315218
541154
208746
252870
570566
510727
157280
792077
973933
706427
483873
113433
68651
49712
281953
324423
735696
816663
818704
40830
584980
624905
390092
740644
634535
431516
288459
345746
345295
228765
847679
807254
588019
358083
451815
527083
303952
831848
644680
798616
562218
235761
908128
538046
766775
519076
257638
640009
627423
343749
449451
213966
683741
337574
593154
756454
543527
636170
150889
96658
902465
468467
167527
65233
520795
40938
617854
45123
763361
857439
838091
181841
180362
227979
191456
420977
45935
842412
390136
112079
852337
194301
261595
455123
398359
303587
275533
713594
748438
662967
409119
339327
79170
180146
248356
754608
972103
360037
324585
5334
257809
850545
863798
14293
540181
567338
526917
420416
234234
610909
611726
734159
369334
410598
105602
611275
428251
624451
611658
972464
685921
833135
382448
219887
570399
250383
251163
148415
219440
908229
515845
976821
344414
627714
78752
410508
592615
564353
220722
269199
208475
77539
538687
270338
247697
331
439814
24384
728401
785843
657652
994368
76313
220794
222238
146902
907808
758770
840847
651112
995424
84990
71703
261879
125883
998184
444473
21426
860248
647892
125786
320404
763168
573517
530765
4470
729497
832375
562148
62229
856526
125037
802781
653276
45854
467836
778355
580181
823741
22326
532808
740252
392156
687733
601471
560745
400269
991612
104962
876173
250693
653795
407267
383686
135587
279270
569657
250101
647528
127274
512154
766684
673144
875589
780596
248538
450204
226724
27271
124131
621638
18229
215269
451190
782435
262101
512119
64441
429597
586722
740038
541651
596756
338475
928408
193706
148592
624536
328416
75437
852433
390513
903177
122288
120182
485926
71268
26516
719103
775984
622014
739270
99924
761615
91151
282381
649751
499747
530345
233317
171611
58478
506832
130682
138431
57668
34281
754436
190547
744251
878815
555944
635158
587084
499275
768749
560715
965002
68668
770907
312777
651714
863103
861601
412124
325705
266891
157787
66632
359524
589158
861559
505060
985327
931561
529219
432916
935083
67802
87892
9129
458450
468235
730581
604776
838779
321354
401334
946346
610150
130672
711133
278175
954713
870591
736161
353302
405174
634618
121431
561816
543809
807931
728286
22212
476091
124305
737301
416554
503167
863807
408064
259636
265311
603305
879257
262704
429422
210362
23767
27526
244426
35945
729315
351772
858512
615211
747566
661759
19411
983822
815715
22841
359535
580257
370774
860296
754115
462947
566521
706968
130681
36677
739912
467159
644794
914628
594527
874385
336951
207929
490340
524439
679619
519211
166339
339
784311
313999
152399
32811
229733
640150
850386
822273
586976
598627
216065
679032
138210
798860
872225
233025
60071
787716
188063
115730
820643
483275
988155
881227
929403
814654
883645
206781
847397
725497
222067
31260
598013
967059
382266
226099
695107
139997
554713
422256
200539
927756
602916
592887
150508
247638
275143
798692
874642
429173
36061
309181
780098
856980
867415
34377
562556
552831
213000
281308
785587
533589
968544
965927
15785
137729
246427
670285
506611
193790
200365
123469
711273
656777
451554
347420
142059
11670
205591
516345
546304
792404
449082
340038
938224
560666
502247
639160
510039
357071
186881
349438
990383
811298
163039
5768
404331
866218
194528
652427
640240
188069
363950
628369
134246
346311
510013
846529
820257
431307
682837
516479
16331
504991
989137
827070
899829
131544
556201
299650
470319
637358
97837
1035
338248
233604
343238
672623
914284
962211
385726
727171
352036
328839
287736
500159
864780
311365
595063
73120
540048
804344
666219
818479
927677
916474
341653
219640
808707
854480
137425
429107
803212
355072
240378
685180
489072
808867
871856
84178
382513
429234
696960
125861
14576
329595
619147
958548
606987
669056
656164
401984
615831
320441
898974
867604
747753
560595
944198
185549
222202
196037
25925
879668
894076
268879
81170
108431
636207
223580
894224
904293
972806
954626
976643
485209
560384
97013
640827
555686
540536
532571
551652
567530
112795
228398
222391
632420
921477
132989
380076
316428
486408
246464
332775
719403
592551
549424
297033
668121
896280
622021
509696
582990
351625
464497
507104
605701
71286
823299
395966
684457
866793
991023
962946
444162
355508
991437
140320
151100
836160
282400
330910
227286
803568
886187
730861
909311
831365
385051
366592
889031
964197
95569
750720
137824
480847
720570
160474
682486
998326
345963
526475
55845
893112
148172
933020
479251
691324
28576
191362
165113
337251
765155
234988
144488
399126
403596
564468
290043
269444
217005
227001
517799
422525
841092
502611
225210
393250
373250
706732
418692
747419
4148
901439
495268
919253
198216
377270
395819
654577
850621
387812
30301
196301
954328
661572
639826
446492
154627
306750
605874
724232
441682
189768
554762
961406
434120
963339
722213
44737
885317
482837
223196
974819
557771
890518
382610
214220
244027
543480
426954
991207
725145
846026
112961
829268
999202
568553
307325
983522
744283
631481
377914
797322
679694
273285
16670
161798
578818
715999
532589
30589
90656
816191
945736
522172
720516
53918
990499
556980
400645
495490
257978
634694
956596
288157
844969
857405
648965
971165
523866
224408
485438
510064
344439
105806
18890
223336
586432
45245
288734
968108
252617
912569
924185
122970
794287
708655
615831
900951
855824
328434
187317
548271
305967
531276
596124
456537
97537
289294
878377
643719
644949
45374
393545
541874
287676
315384
780735
783909
752195
772876
761546
764037
482947
792821
872721
679746
454225
603126
731183
50849
691434
216037
638919
338930
882378
914151
635923
178710
40844
248435
133324
573492
806036
506576
867100
883079
49612
826206
706916
18863
911868
34786
506164
244954
740542
295558
889616
236661
762498
81254
492107
183677
213822
100421
324830
969134
718605
217732
978775
107383
154020
997957
107652
885359
947418
597199
899533
207753
851959
326683
598983
210296
297397
296177
687687
946929
283194
546957
768758
249729
88678
707459
549930
109737
544743
239685
283421
836270
458033
25500
232520
777938
729427
555144
93383
126261
84110
599284
45648
808214
283129
645163
268647
515560
727306
740692
85985
985766
53676
277874
763888
461443
971055
169742
46015
63060
442550
846183
16231
341216
577645
911072
460024
738861
732161
431867
154658
134150
215792
424727
984658
747414
374729
791272
717901
352596
168346
363948
388933
107688
680740
984834
155142
755422
444782
723768
547274
811875
764834
498888
111852
371803
617363
374287
857730
317578
294329
276417
435879
47595
933460
553455
525689
106156
237423
13418
836127
560472
574297
494288
610236
997370
990068
609721
141042
752655
890177
230840
918138
357381
170529
445096
38270
940396
212982
85145
673875
655830
670047
340327
63049
109403
418987
294974
780850
250120
181948
527842
91341
494974
337511
181292
855328
755307
745236
563556
435741
493535
395611
535939
161929
727151
919014
748758
567947
926790
345310
278506
77798
295499
208282
784521
158625
317563
279670
857686
437618
719892
445805
710309
631463
99849
228001
417876
41028
570358
197010
735574
812863
781391
802056
642678
412033
401207
234996
244310
416827
469038
234159
557942
180434
757426
287887
125787
754000
292592
957123
1187
332289
775027
387882
9634
717656
872316
668188
520218
149004
761227
506223
866195
603912
857482
743296
831627
104056
30812
372972
411950
738983
418170
604125
606480
857835
24327
269430
699559
376844
386016
966628
956428
332900
102430
106151
780777
705345
81319
909990
458749
816601
445262
291316
520594
101634
319670
156982
111735
731904
551379
267802
3075
243418
895687
697878
148596
524897
520153
180266
895611
528114
694159
644593
134609
45265
579533
576187
375253
181746
717467
336900
947168
403359
558197
635634
397420
239939
694210
883204
778633
13610
701077
322337
223802
788004
338841
489328
348773
787396
537024
241493
282548
4802
312825
846473
717344
250239
162406
758263
628161
637348
197121
662113
966073
427404
770255
183284
904214
958918
857725
937342
57198
141157
505758
768028
897318
932154
173557
235019
755876
70128
773827
275047
865802
100602
199449
984406
198542
868404
747577
766922
638700
752426
642313
202531
304807
737309
1853
105711
304333
120491
278265
42941
650419
736319
829060
854144
735779
121492
225524
207396
851065
310199
861191
195205
209429
922317
185038
334396
275304
408478
895753
122660
397322
497411
531141
360891
803567
183487
62487
435133
755405
979377
327457
369777
294227
344485
557439
604756
357323
432385
726333
397302
744022
244742
272052
551830
830602
779311
322654
133745
541689
378295
993105
297625
658712
254061
231845
683105
86358
33433
895638
979746
402765
841375
556273
577267
781777
235229
400594
732399
1601
825999
217169
88572
383611
25575
536669
401009
354732
651240
864197
796502
953833
818399
987843
762068
630559
377977
14656
595240
40545
849951
831636
212384
575888
546948
989477
233938
969758
85343
713786
722439
140297
152257
630461
520403
601060
625064
30931
604219
337617
682328
103004
256790
749453
762326
227064
923091
655767
41358
87301
907913
202297
688452
957471
244129
84502
364293
878725
419465
980718
861294
688742
851919
871075
173835
481702
227351
273820
425234
366717
832242
908032
218308
753128
782943
285838
67871
182533
915518
971244
79753
681952
532321
359806
848167
894598
881050
705708
691888
325819
756377
429267
563455
647838
509097
54206
842885
485269
276891
473893
973716
362658
717763
532932
165543
906545
626641
366255
689749
79359
702107
115321
648391
360471
838149
167452
699093
504256
720511
822736
314383
739446
144622
776371
168682
129823
805669
852767
57062
842898
520655
318639
687934
622040
893590
998281
801952
249455
52300
686908
304990
942779
133330
918413
896297
793226
886061
861815
279866
545851
82283
376758
351437
716371
858994
865260
733781
965774
432376
911184
110484
280967
22635
23962
959505
683056
612285
410475
308262
322744
859684
799533
945785
826290
976027
688738
912655
881424
90310
472414
913182
14373
562609
449959
512126
502222
691413
705349
117793
295816
188863
242219
760535
139777
28103
234496
125288
870696
360556
479454
478249
482348
739933
778417
928620
150375
478659
262683
221729
375661
133224
782799
102567
512093
467107
462723
639697
362234
236002
189715
238230
407929
616166
88617
47921
591275
497552
294675
91330
253095
573222
923682
962800
318218
110176
474888
386003
243101
190128
512716
994061
510431
11550
630273
532336
745114
6696
534530
898592
807535
60792
613872
927524
545003
748820
146848
567075
724310
292693
861623
595912
809219
584399
596307
230345
913592
831216
995962
253121
366991
737242
789638
106513
778418
718021
699526
941836
135877
55535
45099
196013
492324
416250
198690
802924
75897
774369
775445
311361
940244
22584
826807
395034
13448
918232
481474
446749
35499
886613
142036
625024
967006
706920
956882
984102
983145
998587
867660
431856
635680
883565
353153
759930
464639
886150
596621
732725
28206
590459
904923
159542
323651
889865
859119
144722
523289
770510
518439
657293
413352
496290
465909
143743
181215
421221
377135
443792
804565
377867
164412
399295
124674
485919
951458
786923
78034
455985
849053
452437
244035
507026
808367
576890
536912
721036
328120
529689
694658
847835
336774
1999
296400
89713
641863
927772
233359
655985
465181
585355
533420
49196
757606
849327
493116
269180
736177
360465
233311
205288
442285
53215
337146
104510
377028
54359
876631
126634
870423
483379
428301
152636
585426
423358
417285
380168
931692
113565
828335
259094
821771
108797
426125
903553
709925
885597
302420
988187
560756
781650
556926
840405
417274
361685
419843
740973
384069
120223
798539
460953
302847
917410
471278
889151
797728
534189
305061
526868
297022
432367
891410
755793
758894
874694
266664
986169
13571
61700
506623
466934
751105
80451
81596
366483
674610
346132
228865
964669
522271
152078
992212
446105
787862
395666
821241
435808
512257
434127
889696
733294
231322
753564
351768
92684
69371
200263
89363
437578
968127
84790
75140
539491
748653
738491
32170
458088
719442
638786
590295
492906
666549
388712
748094
957559
68775
620909
103903
160387
903400
481759
212593
699983
454778
231516
507282
125691
117114
782671
246081
811845
767374
931679
44556
639346
344954
422282
813857
233821
648144
489864
861543
523060
658270
545504
880494
333105
211853
470799
798486
867493
188532
219774
908550
685392
739095
116500
683713
136179
131176
204981
7570
129031
347374
45301
100313
873558
762293
289075
521624
207761
984649
636965
657865
68757
546973
715901
100632
277060
187788
169536
408734
507969
923741
151044
72013
867559
146794
312875
991681
440925
91566
273821
468611
982741
380568
70467
500476
606963
184227
744088
331462
790401
28737
19918
537601
121020
538737
467002
206349
89093
788915
805173
128222
968593
154301
219376
825096
462507
878597
965643
557124
181015
783605
742573
682640
943775
138201
582178
51520
689126
468522
891206
961409
541593
593617
835509
473568
663913
70726
436828
69968
47078
947145
202414
623479
748433
293174
83942
221412
815238
950956
490913
902138
248597
881633
379064
538917
732371
393460
631372
201734
448692
713033
101070
696158
124003
546787
709775
104030
757743
253833
670829
368647
784912
486734
953729
466691
754207
181911
547127
652963
33657
47323
202794
551289
94132
389657
761232
537306
304989
208398
672386
653320
632263
561984
215158
823921
438044
171677
311823
483365
627034
215679
130951
411030
362537
936537
309863
922172
279642
161400
994794
675737
76904
630127
266627
229545
719579
363387
909406
610613
967769
381150
813212
299395
522719
137284
103211
591014
226194
784441
33557
718751
117555
589319
469554
575225
535187
446396
462198
480522
419407
118951
645574
375868
416479
70112
564511
555221
414789
920157
791305
870143
883023
505909
958312
180439
136583
841353
338215
149152
319019
128952
787135
942370
138642
944244
883019
289328
302602
837196
648839
996289
847133
687506
325766
509315
640292
209196
605078
508577
239961
155405
763031
22680
764467
554357
178375
486912
129394
966599
134338
436944
226599
446239
694266
598294
347822
730792
432686
189491
114918
751793
177895
535943
631910
779820
18611
896319
210369
754005
290557
5706
502658
541031
368103
460811
916218
238508
321144
197604
854846
937340
273703
812367
311332
933346
181353
487115
553236
146517
13275
102530
75514
203658
359098
788364
192689
314652
856186
749136
74534
316827
778913
530066
423140
793729
130666
730388
422289
415882
454530
237164
806301
357097
207307
94078
318173
376907
821306
939597
227720
461423
790512
949427
128097
667035
277157
409706
718839
453156
516844
319445
401338
81048
247179
307532
459778
503423
626858
503887
156339
802878
972256
551047
386433
741052
361397
725412
536482
929622
584435
491844
67269
587758
76128
333127
626074
489399
960248
960332
717934
114261
427529
184981
962940
513430
269368
271228
821077
624944
503925
78814
158053
257948
206912
14724
522429
73401
570128
387755
991992
266072
163127
336088
304554
876492
614101
359780
362587
488621
789632
516681
959999
681308
935638
656349
770337
848835
270103
840508
310923
560715
22743
126109
955827
771167
8524
549261
791670
622368
285252
562350
691703
241557
266560
375134
876955
556429
756942
946166
453267
859768
608936
242758
967974
80941
76857
355858
618888
999164
603527
947869
131452
929701
757771
736443
929542
148693
797276
975336
832994
380739
700944
605443
779834
778335
235746
184327
511228
168681
134945
88590
151846
907038
240259
888711
584860
16828
510033
151613
825008
843415
652446
954253
313454
949020
430664
222219
493384
254231
294012
361557
961553
987996
844722
400064
561462
40889
296213
742126
61065
21519
470513
236977
436282
70519
121184
900645
253131
777082
398280
680778
946931
366395
522745
750175
762139
172734
962741
347089
380905
894027
642955
313286
752163
612187
28999
669167
418646
771812
2517
62753
708553
523325
374670
641548
955663
949137
778132
922213
872067
781171
70492
331495
194212
216451
258400
627491
861919
530594
416116
829772
126237
419879
942719
400321
429802
381946
150054
830226
94598
142047
50177
779046
314612
988290
302435
474408
509660
652567
87806
927859
939168
910726
321043
211962
66352
768256
605521
650419
124873
113142
992434
228885
220257
690986
495085
456799
728910
507921
417496
289966
233743
651461
484429
977983
485339
749661
950926
89895
390557
690712
84848
106936
656933
171597
577678
410918
915729
268814
868592
510516
30863
671432
146334
949026
436051
598344
625391
203270
866882
68007
869035
477136
990844
904963
721586
759303
353711
866282
549909
988856
660897
155549
224903
400770
166375
978057
435673
353412
197482
272071
526652
279299
809268
954986
128690
960057
624091
817475
911252
870244
502757
502318
43665
893962
76641
561571
985487
172959
874532
299360
58387
153783
807391
771585
707208
703275
562674
801018
962265
50784
813713
634049
92062
831602
361851
583487
983469
348301
120297
243784
138831
322277
941276
63429
754089
817344
504032
716592
187477
949252
473435
777697
371107
373538
18928
995033
681452
512412
787760
432288
736956
306322
752647
662580
665903
39986
332602
857475
308013
732099
489319
913137
114314
475714
253190
35944
819010
217307
74657
366789
351835
510764
588517
639680
171844
861425
932221
53633
630390
632063
803243
321617
568980
434474
283167
537978
512258
472994
631137
916
945248
258295
189627
222389
859682
674269
17081
622512
160713
610395
847124
852271
311671
41749
224057
457140
298379
890920
929011
368285
662652
886020
398914
664060
152205
404020
481082
119508
85860
474455
953158
854736
262063
577920
353055
68905
948162
986821
96349
911875
749497
987806
590727
330406
435449
217616
702133
459271
253970
668616
666815
185985
68473
381276
664954
840932
690483
752984
699792
25258
765507
875097
959173
242713
48276
290039
731234
566706
952833
479819
434854
39977
922273
890956
430515
485661
703614
274986
772446
953754
391014
201175
695662
643859
59353
426465
444904
205534
307102
554003
974501
653498
528796
110008
56590
630246
199263
368176
369041
106964
533571
950487
79577
385056
85232
431920
194053
632104
634804
525210
12333
325160
421459
544105
936490
365312
778142
718915
873226
8774
344522
320506
342372
707980
57513
817354
220698
245656
624969
260295
764989
390563
124065
339979
820879
593454
715098
632039
683100
289810
352739
584913
705747
688834
377095
965510
113698
726798
921993
352359
655143
65325
600725
239461
649882
209106
799141
9646
591251
827033
752858
263208
166745
779761
420953
499663
403072
646154
978161
380358
221425
929305
449494
6291
505829
586158
52895
757313
692110
777238
312023
480815
132121
187472
992672
826419
538126
838266
18975
614095
304126
649120
804171
591015
891826
54971
290340
636710
94581
162440
983599
336550
228789
102098
397417
565236
767081
392721
165498
284658
642013
623163
396787
382467
839893
104984
758834
630919
502722
269403
313598
730038
279472
291309
648235
265462
773607
140114
742502
624771
321237
721670
484057
450221
900275
818952
526561
902391
383351
943060
368616
220718
314505
378508
152683
722052
922999
505536
207718
803326
64429
7912
242414
479684
48323
200283
315117
993720
64076
610406
237953
929127
921012
138074
229007
594955
180524
146201
674966
845094
898644
696650
709307
701547
804652
280667
434722
615111
615748
181203
781256
778693
523635
804748
884088
948996
379393
139003
431636
590902
821794
494563
629224
463071
639316
173617
447874
59163
457849
82496
965314
684749
385365
191242
918748
105578
700779
495286
643997
23199
148815
449214
613789
850867
583207
715801
803022
941260
650456
291215
101290
354717
600318
67087
657316
900201
57887
1354
255249
291456
284207
306119
380465
543718
268440
478054
478329
39437
332955
813900
979736
637268
516880
783156
27679
995606
293037
498753
9141
391057
855048
698475
448763
594713
639761
748821
960951
392639
10286
3790
17951
207570
734486
619077
474468
843374
251512
238716
294408
966125
573852
606243
884856
158196
158736
560059
526010
523991
39821
953965
271360
333760
59964
894189
528738
655981
721613
805117
174197
495061
256693
763697
2002
790697
754612
599744
521258
317389
40275
159881
887644
237588
452021
568529
44868
560503
64377
925898
328900
742085
644486
717431
369474
625149
611760
36298
548388
453763
941878
679970
365040
235171
296671
919703
775560
219172
394273
330525
314109
601011
260479
266329
2925
118801
712279
351387
933387
6503
808862
444311
140971
158649
777042
286550
729045
314189
463413
103291
935192
699851
700052
149547
983094
649103
787950
355887
107857
846716
581331
470762
725180
770200
825605
854874
35654
428668
120278
151661
561097
512056
568692
131356
927513
324474
608140
145655
544526
968996
865647
686934
776112
912243
440506
244836
492907
937030
181089
102180
855220
582401
479851
242023
974526
889109
54134
272250
939850
862516
613550
47378
763396
78412
664212
121158
966184
976397
256558
997851
297564
267912
111102
475678
358924
91570
37302
650134
778531
773449
629759
504877
338404
823614
238329
556636
146583
608978
664012
231949
371261
912086
120470
106115
370798
96461
85028
92495
674355
896581
565957
58665
650853
263240
749124
478182
638701
182124
684469
282702
352536
940424
425680
877649
995276
657715
234507
298446
131325
33132
29210
34646
204233
161042
618478
790658
699293
827604
691301
878233
367884
166991
198285
302974
606444
571167
257227
102156
58342
92433
773317
152539
466507
54370
449834
141355
843739
814541
279940
531345
728332
509624
732851
669217
566500
817260
334821
653553
36402
190481
822960
941786
68224
335133
330629
888997
567630
131721
756027
41527
547879
141356
834650
574371
749800
506100
756053
349598
826321
486999
537050
458194
965165
663251
344642
579460
441832
625534
167576
97130
253595
851363
669721
491913
611168
592171
565594
796989
36280
988473
633489
577789
778846
857320
837653
625875
669682
576123
556118
286523
18724
205156
801445
728299
62596
622232
20262
938994
491885
629919
544881
781131
925074
908485
31014
547441
606710
506724
958528
361452
280437
816252
374707
128258
445083
58850
545795
829694
541515
297761
309338
4207
508016
988546
735093
723245
647115
274483
483081
814320
413120
893599
82410
172312
429337
211800
719721
41676
67584
974829
708651
889252
208366
126067
815561
76209
496356
548893
831348
575176
374672
625123
493977
644534
704669
309072
397700
119797
890982
612281
263572
257668
535537
251589
349730
995467
27669
612570
725458
731519
94179
159138
880134
838742
801547
509595
429483
402747
296753
773029
559202
22822
76955
114730
60436
844420
267746
283399
445998
878650
278474
31033
712682
684890
166812
896351
804434
947027
940977
664590
280707
695115
767436
58734
851007
817476
503703
134357
720315
528262
52147
885107
657297
16626
212606
565900
521560
613817
136827
973685
986568
196852
713279
829714
307112
13918
336283
100644
558984
50819
706428
552487
777788
197400
751085
986180
158634
262193
144997
565200
254252
737820
932340
771523
54459
149514
709854
127997
442933
68302
582482
10578
565717
51096
25793
585589
71972
563904
772684
789865
919363
691577
267552
725867
140193
733624
168167
479786
228745
314813
299795
997537
844627
319687
547236
411509
682905
776007
165052
471686
740899
331617
513362
739111
332474
890483
617712
397620
43780
159785
683712
532159
855988
58127
364078
358783
223084
507520
938026
871361
402835
896441
164235
595684
617655
141743
991387
428900
868575
409767
472373
92524
629427

632739
864028
974266
239501
565247
126699
630752
915253
126295
919860
840344
489529
319555
784747
413962
987533
4125
188351
62878
603740
741880
430550
976977
284300
917908
43591
776506
591161
8133
176905
875023
92660
519279
290010
576079
856251
851592
723577
278198
711314
188357
152135
776269
691732
512093
193218
61657
351448
227629
122776
729964
358965
33015
962583
3341
320930
160129
843825
782604
918417
816532
630938
233644
554743
550340
158353
144987
356420
375676
823767
920588
519804
390880
589074
192056
457432
852539
989223
146690
786726
921420
392857
519273
275417
150419
885716
886820
308091
466779
621422
587258
976498
247972
594849
622650
15037
989567
537975
675737
669998
239879
246253
902246
891660
972970
320086
207909
877929
754679
642034
683497
389763
338725
42713
487881
992177
36588
287401
7795
654317
706464
863694
141044
122724
850235
10256
762760
713878
14802
517715
81420
323521
356000
33885
748513
491281
444322
727908
788552
749605
243389
26729
9687
439793
185744
459525
527693
579416
703686
652854
389527
70420
804811
459711
930356
750350
226823
739872
534769
813088
853175
305822
786887
282836
149661
87857
994110
719025
302975
120059
422571
186848
478802
676997
213958
851478
657206
591933
22845
68196
641821
425079
952844
774301
822926
965384
195388
838307
110553
994101
480501
774404
316972
996911
740558
279564
114615
833782
803103
404909
55707
444974
113990
20685
967430
47585
155954
579935
289990
644726
518330
804931
642740
463434
671744
23658
606309
422848
442827
691251
754021
942156
7532
751181
438099
726737
965143
172960
577128
323801
131216
419061
444733
335039
322903
687607
359951
552546
550796
607304
163012
883055
656924
71332
633944
722559
653641
144276
732699
3358
158143
388500
128881
633653
322908
455693
944949
718784
244621
908524
391916
314100
140848
167392
782774
327615
550650
783178
833307
320600
970767
512704
611629
41789
776624
280853
677050
852155
177980
921709
103201
280060
661967
851357
40865
671103
839834
758525
633529
167356
273658
137775
101972
729717
622765
192150
377439
175943
217857
193687
174740
942042
715416
409302
84261
397754
815797
803082
712535
203153
917688
410316
662635
106782
12868
482795
969584
797665
509509
614857
649309
193673
3257
955694
588254
235973
989197
58103
525884
796743
184542
704073
886065
454962
152861
437611
505714
283855
620517
424788
730444
592540
192410
483294
53769
552844
772439
486468
233437
157879
53830
866532
971893
459247
98826
787331
610087
634855
114988
848711
580110
176149
514517
97610
662005
169457
162565
742493
194297
84594
222700
777877
465010
649308
909279
369847
409816
12920
10192
744058
534293
911541
594024
68446
988064
153330
790817
488806
785162
547244
503553
262503
960473
589681
235803
949385
272318
304720
805096
351385
42125
625121
757743
802765
957084
16414
882605
862479
393091
663035
295775
383923
100586
228894
198438
326602
77737
634573
127781
280717
555408
822061
777800
335462
622035
802176
767444
987410
298376
244113
372252
532586
215042
140818
339876
69523
747420
712932
551981
737448
392563
440112
180082
664625
142516
552429
546306
848720
54821
441455
442875
828529
55775
684204
170883
40515
801552
995515
417342
878681
342287
92610
428289
240189
399141
719419
801585
626521
77385
901466
162279
438152
641321
599302
3365
283669
256895
318614
505524
196289
258688
599008
803704
740659
287433
42213
266696
60350
768134
74481
609456
99102
742042
396587
514508
403873
973801
603099
862918
752147
543064
109062
964089
76675
401829
617766
103237
30576
481534
213822
734544
180040
373507
835570
830162
609549
509505
742282
264286
110841
269716
271296
294770
776766
445870
507575
607589
619547
837705
569216
887457
526234
738095
647558
366616
28418
323426
190037
357300
761624
645278
755623
896848
78500
107460
228050
295537
546690
37448
409430
460484
353951
258209
332864
225612
488848
551258
941811
338636
858314
3773
23056
745600
396439
404234
382869
357378
776985
428049
315702
20195
531025
108638
521580
314351
971059
572612
423364
164775
322420
575101
27769
302929
29677
823980
214951
254404
440112
464223
340138
538839
539966
758064
951541
922877
700166
185245
540616
745897
861030
700506
741881
934837
300099
420183
471825
791986
143931
95932
325643
832422
942803
558417
216838
46899
92199
328355
346004
165279
227958
703270
444486
91288
471197
487503
407833
170608
482314
358650
413184
725789
851646
776197
581851
147256
401747
521
895975
244190
763213
733970
91070
667962
362074
765086
302232
934120
14345
11468
931237
603229
621145
116572
877846
496508
634894
936223
218051
863834
635257
910410
136447
761035
499748
745961
240346
810704
635735
163960
562192
331182
85626
241319
834197
598114
329686
433620
324560
545990
111806
320838
30042
727462
987481
486980
678048
506968
762592
283496
750574
17874
368719
131315
455801
536739
539611
923544
891445
704103
791505
555482
935292
590435
576679
514481
617632
420978
566477
207500
498232
920744
843452
45809
582832
608491
916186
443657
537747
670902
682512
23000
699398
438682
479843
390701
209660
65351
212770
620639
157796
615234
467594
16121
54350
519527
546374
546412
129951
562198
7501
874326
999665
604551
766267
753753
562962
34700
678487
865529
412655
82205
488877
964222
5118
531153
421259
78204
891136
994218
295370
310635
191110
493991
78572
903342
52998
928230
302158
102941
927258
483969
651820
685707
678294
128519
196311
816696
596489
422903
547378
427303
529351
446103
425930
400779
169713
973375
405301
923996
419347
414423
121484
902974
893063
962862
583521
624665
830859
670224
402160
162040
213267
97885
423234
584934
817610
631301
699588
366061
952426
376101
826623
92763
172605
232339
867862
382856
98316
39010
87160
508926
558356
208662
340272
214871
790370
228683
53144
709
869437
490143
3340
189118
652327
104748
560764
339706
745617
310684
928420
152662
434540
609583
597059
514476
962921
777007
238951
451991
290403
430531
722672
940276
54115
405077
284724
592598
218674
351025
63317
654437
44022
115891
93293
787055
711681
825240
497021
852766
1532
692347
902833
149164
490425
497258
828895
803816
678648
885895
692758
439475
943299
566423
862600
146625
986268
712546
759569
706028
725817
759823
60273
256659
165277
930186
894862
892545
979976
730055
632977
631110
678627
488255
304682
383225
108500
630012
285683
713062
905479
6183
76842
331518
448623
821402
602106
209077
240535
478185
894204
498842
71449
381538
920871
653858
386558
371084
787143
880308
934961
946107
188846
389063
699100
245262
124536
574286
384010
919116
314142
105681
329351
784950
210440
72706
946507
336538
679345
157729
871698
885484
456161
592823
142881
733526
172059
693947
152958
37419
742805
263615
981589
684762
635346
833283
351481
690906
329124
478406
423058
801542
385232
582940
383322
143647
60124
204599
152134
977323
35535
200541
642246
524999
653267
41563
776659
329353
947821
829433
547175
227024
324504
5182
288177
989751
971147
649026
313250
249033
203838
209959
710197
382860
920211
695163
885501
959645
750034
330084
392008
792628
278628
556290
799166
91865
715543
241569
993482
977478
709292
208507
263436
209321
915128
445753
153721
591118
3371
76435
17240
400295
443282
158369
899208
109205
929705
669320
74187
245133
237770
695070
97178
395552
785360
365543
377791
541769
98393
131080
540770
176606
794441
619527
221891
114210
823125
511062
763763
976510
810368
344191
358867
691279
995939
226803
441562
218921
275836
55374
439944
804786
575198
64324
783145
890200
286958
180099
330469
914673
381676
808561
830532
846994
383593
359278
932696
670219
528776
609826
933077
255902
12481
618617
465608
584910
768225
162794
228025
25542
703903
859310
949523
898560
736448
27285
163794
632283
9382
879677
870986
923152
311639
346752
600955
224219
954194
121885
27765
652121
636976
172578
304462
321561
13519
688731
202880
596104
1888
436014
348916
419179
306707
220495
614254
148400
450622
452928
900499
649811
845703
307539
879553
706236
896185
653235
480306
442619
748132
681020
381213
48851
676892
852721
408257
86756
972157
314297
110699
636234
310843
665238
77165
921667
227679
211984
3653
622587
467161
425984
197367
252606
307786
457334
63021
684545
544470
556400
229344
100953
498722
647974
827626
611455
264155
95025
134870
941486
60542
78020
703495
88559
60380
726863
501083
612946
804042
704348
530403
551511
134360
662836
368179
620611
645605
887335
694877
147778
279442
196182
865701
613495
28682
372489
908218
87950
91070
741963
371884
294110
379363
34028
247716
56509
940077
722857
552513
626372
849443
550994
144420
932444
969131
437314
55722
586753
714666
166979
133664
435441
505620
381275
671821
786070
144494
858704
355900
408922
34231
587802
701811
315599
836891
663226
865634
535355
875447
961412
264647
903701
387715
930977
660043
340488
289986
274464
485944
728120
837240
713452
837317
98993
11
83902
829137
741659
12275
969535
834619
896857
815426
648593
77381
765343
422829
374068
37808
370334
588233
743144
978198
62948
488614
386478
130575
813681
980221
972112
861555
70620
667860
683709
48809
986026
991335
642038
547771
579234
966861
848179
163579
54952
608214
169274
666353
274459
453780
227126
895879
380701
773428
236602
480992
697435
731096
333581
486482
63741
304930
709918
380682
283242
191932
113479
507550
259506
598338
267109
939325
994940
457617
758470
3752
885678
916620
298178
808293
99013
616446
308203
975742
247485
392578
454015
55805
302395
132378
961773
265720
885040
500753
295246
776818
460815
167339
437878
915106
557674
236076
339689
228222
25810
106514
90889
48830
735082
711987
698916
833826
903395
697497
469948
392691
74360
782814
980593
436863
723418
488953
218341
346101
508045
785883
874057
57408
219956
646354
488261
371565
562276
894118
936697
665501
507635
390801
402845
798335
212711
145226
394770
207961
522137
193275
76560
382500
656857
260845
46230
725136
177352
116358
984249
465208
131043
87402
262508
778184
294396
922108
115661
584709
861526
235550
317633
651785
653349
379713
927698
365899
262864
904483
206504
105782
901182
911186
733657
676411
782309
394286
68148
586753
937104
243691
195824
113298
13404
147052
243503
397247
956414
666332
429438
834855
693309
485292
247711
331085
165284
858652
168439
773212
415520
859640
696557
891704
312500
203911
129885
967900
900214
408667
157635
837796
557826
242676
874959
177171
464750
917172
827628
757392
983804
64901
638265
106425
566761
986342
499077
724538
552391
787079
958718
271265
102644
517639
257102
233167
385057
526433
808725
509201
449745
52963
808636
553751
62720
47587
848753
67590
253491
184323
577816
262356
24581
792199
930096
249429
951585
166600
441018
649523
279079
673463
491582
891322
139428
689885
4018
961657
232422
245873
364224
379926
641971
337767
203415
139385
451284
45058
367137
796759
65015
78616
286008
261674
854883
157673
647197
42212
509229
740485
779628
478747
813778
598120
804531
729318
269286
813920
169392
551292
246080
86819
152818
221274
490961
774185
134569
637700
112003
417272
109270
875197
68038
58742
1206
169530
612127
733768
86906
826365
611116
11872
829086
788262
612250
663464
293723
944472
575818
791390
274055
578502
379999
281952
548956
136500
66849
718515
319688
933502
489171
999303
760670
783953
793870
33430
727393
323513
222421
729492
661621
386281
456675
813841
971590
633662
676914
768094
479694
124258
93789
649302
160446
629878
675778
46613
976316
566517
317075
822065
816113
288948
799040
727497
312108
139602
244614
570248
902234
343632
532741
632219
750531
247093
788073
38280
13526
98712
544390
8270
980109
116085
182292
953805
804264
362057
13979
77126
283439
972080
184256
327506
450573
877823
869299
121818
340995
622276
469302
120144
309589
763177
126873
663161
60295
85076
829058
384159
734629
820478
910789
935412
610457
330816
223464
205955
160780
678139
948968
258988
583279
499735
840937
951766
363247
257243
545876
433687
175518
709935
455175
481384
20739
431996
257734
873901
645623
920788
226070
334546
835004
283675
242521
594176
566940
112365
48958
839719
266430
440651
940518
643561
305718
144163
952586
640599
364373
888133
486758
592306
545616
57137
311195
172571
655478
464999
771422
194547
41040
699685
611275
298673
927
680548
75321
179528
926296
565146
46689
578319
674023
818248
778006
999668
820425
678577
343648
483303
696615
306478
541208
979911
432594
767909
590179
47571
914252
975282
63214
823491
263505
555491
156993
354970
195767
346205
407328
997576
667323
547081
364947
627610
779328
181906
855
931103
205597
968355
281378
292630
91126
593914
63446
274767
157342
686373
634667
216882
235057
368793
173866
332110
582604
72412
685805
441726
289260
311966
688346
636020
557186
604780
485959
252974
28644
160870
599608
19931
92349
578182
804582
438428
187999
576325
270996
545496
209026
641672
319481
170996
728894
500908
850282
212062
4656
815393
114046
804292
11756
799198
935327
249557
514072
290932
988725
764142
118501
593859
463018
881842
526585
238839
752674
996560
305815
243724
827765
340833
132810
306808
500178
294354
798224
8273
340555
315992
189735
413013
437732
748067
733697
577077
678606
614235
508670
883497
476926
400402
636765
331639
24190
745295
72626
425590
401354
806883
763752
543076
701644
860641
990113
924748
313821
906122
726894
263043
990040
515960
623788
583487
240905
211482
881605
971170
200922
402418
755647
870200
986718
207752
198784
241790
398067
305152
581278
976669
852491
555290
987311
643223
830060
170444
370062
346047
475618
775493
730548
880103
510294
655542
660770
109358
951636
855575
945006
996755
270793
757336
806572
201161
319865
136376
19275
576828
117907
273193
746772
443493
200682
812707
807286
70996
960453
89788
802075
918033
127211
237019
334471
105436
575680
722314
773223
841219
796362
660880
365564
825332
444957
43305
18630
401038
38305
999254
784257
197419
135207
471154
333547
442477
749158
323451
226597
862928
81210
224780
706601
51172
190160
580317
90189
85190
943755
743608
955564
622686
942283
404509
516917
549458
452431
783053
223501
16656
55115
416587
426223
134956
107675
956677
728804
983376
227614
642161
914376
516880
304416
220948
228454
159228
60453
135423
438871
364789
996201
515138
164830
752970
668870
276211
764480
31991
234654
440825
422495
474033
107334
522184
282200
419056
183683
156799
353229
718799
861652
894276
788174
982829
746332
853387
864176
566714
534268
234023
692058
559377
158093
971578
399966
387085
93418
261403
978351
844260
677172
279515
360777
39696
868017
76548
185358
903978
467992
585511
929926
648514
689334
579575
949538
832855
177484
916915
827620
792446
241188
574408
246214
590522
118490
575766
679696
248497
326773
571022
871602
128145
54734
979171
904361
59175
256660
26680
281431
732980
634706
21994
592012
855292
682427
57467
668206
79575
465921
191127
246977
500916
290480
146698
283276
495350
625801
109134
504997
498979
355347
682581
314823
153860
847120
837662
314276
198327
926232
136747
600483
860065
524256
384023
435649
361910
611688
622988
817539
427425
309734
907825
167231
626992
562051
314452
776393
178348
680550
85776
133416
745129
920600
6372
800934
538153
222415
194251
37112
370641
679306
173849
331499
814802
505874
26458
414756
745774
114578
347788
771693
940534
672488
992425
251478
257901
227917
393080
7330
945381
715391
260735
912244
499256
982929
606006
222750
825368
849508
232727
718756
926406
438240
718975
874239
128409
158290
247549
705532
985103
807400
59628
869254
32641
672143
148801
876400
815522
138745
676198
112908
383306
526091
456996
869814
104035
878237
578975
47199
297622
83620
609722
254051
127523
365753
680782
841659
234054
243449
181425
474715
743896
381741
411035
255612
777798
114411
100744
442916
992862
891188
868580
550534
552810
876200
117988
363449
483915
552792
59126
733776
358645
388505
462703
281604
929788
800889
745492
998879
325182
4098
121201
46047
20362
105463
549809
773401
488255
595798
96898
161140
422755
444853
498539
188114
816253
54449
368293
853800
378581
110254
244235
508853
497836
543564
915711
824066
195036
142379
587981
313729
495474
22206
193587
58997
536492
131061
270325
458794
329270
684646
919245
136382
123813
285817
970178
510503
65002
524457
918854
697775
670407
817257
193698
511292
402188
827397
12865
560020
320726
368923
111949
608707
522987
70294
996285
467941
244512
457918
367450
273365
113057
5524
917370
121984
773412
73317
38378
198822
321647
166285
21991
868514
301428
155566
884305
569954
517746
8596
268901
629234
78776
414730
455140
303906
367608
452071
958920
484354
948479
88117
348746
421309
906061
292550
909839
256221
284878
998283
754405
499884
849807
300517
500727
296569
510063
322209
886013
216848
916277
326298
725868
205318
480576
670854
675171
793458
439718
400357
217156
109803
839718
160637
919524
162488
626532
424313
389288
666351
955374
331862
678249
663539
166575
795838
770234
105998
353217
635622
370988
610635
66499
875837
480885
209830
456478
685251
980733
904333
224230
507342
510722
942486
252415
744483
892261
611308
126282
656319
411240
479866
612283
560301
163524
543131
389094
704934
633174
817836
544170
527273
492709
848883
966131
976714
354933
157812
688596
125091
317787
983998
142692
692212
736716
461993
168860
966910
704160
722064
795059
571978
1939
303914
430243
94416
645921
923429
295228
768710
531915
542555
785900
296037
35382
347427
613871
30888
214846
950462
305415
638116
156558
285561
698258
875470
461479
19120
525801
101648
642649
849421
850985
643434
743385
834058
584276
477140
923057
511084
274219
893756
982664
682365
538810
186031
592462
430389
434853
972984
314963
627673
571360
412937
451488
489048
262322
805688
624732
783447
133314
965661
765724
123430
930737
464989
629098
824629
418843
155583
951748
482821
627473
603260
858627
682988
134363
697254
367165
832770
781779
287375
474234
127462
52979
214487
692756
916533
194621
219870
234698
452841
547906
943746
194832
755025
850418
225038
153900
981993
65058
342178
286892
500269
943985
465960
267022
495406
765488
976391
195542
187582
620249
988400
353055
176804
758895
248156
450581
610069
204882
180774
861361
648111
111469
799336
801546
782560
363951
625037
745147
735062
631168
870579
974413
445245
25142
239110
730859
207635
482647
47044
343109
34909
292169
764042
214721
580108
976766
359928
609293
554477
254356
388084
14031
247896
990087
315050
918027
23302
234415
210098
916588
675186
471237
323581
297187
235996
266832
793552
490464
898961
145861
291476
377087
227268
823453
478664
235662
860298
16510
563058
816231
349139
204841
649041
770143
472154
861528
790589
433739
652383
558667
757379
103716
94237
139308
626579
185582
449442
802372
486621
826648
243967
319075
705260
682366
192683
939204
622307
86317
135226
821000
79803
154244
325341
372605
968554
705808
135890
200495
666729
114768
434747
650550
980806
253660
395047
159891
302577
465501
731924
145548
583722
780860
869588
884632
863822
171174
357242
497887
715549
393011
761973
427019
432413
905411
871972
8636
659318
499224
610519
993424
778408
957983
649176
610541
772506
84753
231499
461597
840232
720392
342168
846785
112184
688114
60365
953445
957571
847436
140420
498199
314206
830985
780030
472732
326979
266802
741727
363918
286381
174466
777613
315950
490815
387146
628422
876894
577985
270786
865618
235678
281071
58986
6714
120190
15794
299752
149761
690044
14538
824033
772473
642710
995961
318148
37978
267623
221292
693005
13650
442311
873094
870563
652215
94358
574602
561515
267584
275665
723001
578381
802304
944223
905776
205739
897391
901687
232540
233363
517627
313591
373112
43066
419230
912943
722158
434953
742038
216907
657000
397432
502496
211386
572887
536534
230364
405622
245792
823250
527777
138071
767962
872739
697476
549346
545726
690312
506436
892416
574994
97932
365656
153175
510505
50575
750803
813038
884289
54666
308433
71112
877065
127158
325653
383231
94773
661729
177328
48674
839788
567303
612794
316897
162944
179314
176238
546306
335787
806865
530583
509324
608009
225691
726807
891853
257573
584811
485355
56930
824686
900086
580371
858024
451487
932730
831201
202447
572625
789906
1046
293927
488108
966207
327774
869527
867553
213333
511782
475654
527913
391850
279404
942058
15646
949732
664445
425530
648518
219491
514876
618549
61454
312705
583015
358778
519187
313027
84669
321032
166383
361424
825945
129472
468182
27673
556545
242314
928112
469578
748230
571040
528970
458806
374670
805649
845310
297277
310219
311153
567157
448237
60176
585393
947390
93142
577929
31824
664701
408897
357250
654406
821790
75624
548128
118012
886068
369793
770110
722724
864557
433451
22312
862048
581891
657260
68493
655358
500184
635766
54902
562333
26334
115840
913216
956942
517809
15256
96569
742784
782978
420936
773639
890676
739767
796848
548961
634562
49338
476006
958735
472008
889531
970294
300861
123126
134462
808574
765164
92072
540384
181509
364709
142521
871087
288712
438653
330137
914509
613062
791455
463253
499288
595988
44845
324159
700852
170954
791076
893740
693577
928693
609013
880479
368727
107938
340690
413284
4651
966220
747437
619124
867314
925476
640880
316406
930260
480502
763213
118715
851032
709748
121001
796023
466538
721766
898858
529198
82386
661982
672305
302777
824732
916663
334457
930984
17112
540048
71232
400772
657445
883036
790962
482486
197943
408558
838821
188566
894251
345108
289258
633787
624532
614071
1013
276336
734308
175791
651417
760753
728575
231777
59511
4756
317223
965078
898592
104351
630910
999178
309326
573583
654577
898182
543050
783061
595638
404383
324824
861374
165438
120285
341904
617241
253413
188491
374350
326236
658908
966845
668300
19044
813925
222169
531176
479936
155639
502193
342821
150795
507075
397682
812543
322386
20719
382801
135126
233529
787525
803702
832530
333339
55299
88451
597840
631250
298403
861082
591652
288720
458088
398458
765460
673717
805439
120982
561197
36259
677810
844953
13473
514167
756996
162809
580080
35143
138713
27707
772139
660329
701271
407324
46787
432023
529210
209404
63355
480088
115486
275732
319126
85639
252298
589262
181648
293977
85105
947757
273118
962990
338291
614609
821501
256010
544508
157675
356970
480233
399514
993289
652121
66491
930292
498429
828776
670554
979047
801577
506522
878282
491057
993173
265842
309227
455773
287969
567789
399589
840528
668470
77564
287628
883427
257541
255137
140800
831390
305069
854745
581098
401564
163790
407578
164894
489237
681906
187427
624678
296642
792334
1919
670690
70914
7300
94125
196242
969987
326974
336919
832971
290801
42175
889414
803285
935727
733397
911780
652391
629614
725467
781543
547781
220920
63977
960043
792355
560837
333468
95229
849054
683946
251127
462713
695756
677900
840679
578213
483332
711369
976228
881730
5225
955883
620941
78396
939750
65730
675616
741850
1444
576029
709788
775434
425103
42845
682267
294562
184250
812627
916838
763624
547068
406972
281854
276319
266056
632433
528691
869313
168956
563922
231510
200490
787100
246340
117611
903788
381319
36741
853428
596847
965282
673860
806252
318224
859369
592950
132016
386543
992099
108394
201835
820187
322910
611444
110746
187354
358200
720503
146777
79037
980725
142342
779006
377829
460884
38044
436015
339273
187895
62048
634623
269303
824774
201850
215713
323676
683450
858066
479731
99642
224132
36253
190420
205576
501799
873439
988833
617947
726497
451816
543632
180910
327483
46215
89975
98069
994894
587844
40193
668072
101377
247740
637018
655085
560980
150115
717997
667440
196641
899926
651135
37107
817601
765743
92891
848461
66591
196268
203385
466951
471212
27313
284566
687152
288369
399957
719078
480137
384245
600841
254038
561727
773040
104151
942308
727072
990154
65100
779408
760478
734544
931495
239863
884227
700499
92735
953370
207252
31432
179975
55938
105136
461967
535353
171051
599066
937224
111330
316446
325147
538738
645025
357115
489
644052
441057
377256
277143
989263
868438
734330
697822
336060
913376
770938
635674
966472
847648
762320
550429
858157
662394
373978
529692
952678
575573
295008
88145
859652
961704
215993
199330
123392
63435
948838
608257
493946
58029
724569
925808
489148
183598
260987
883886
800560
514246
533050
313968
748643
592680
273636
881468
887612
792436
846750
487255
450683
285777
569078
179602
37032
126126
154152
432274
500690
124203
916857
875888
922873
849329
134538
756878
445209
644299
188923
345722
483546
666043
414371
85767
257164
639270
900513
581248
719323
432506
156126
801511
717037
675768
270661
668662
325678
165389
253677
362438
117592
579039
977685
392950
727234
287287
650838
428268
226905
565760
971981
342361
389450
527222
327696
748853
81810
893937
844445
995049
318191
195828
306312
143400
273331
901730
637747
401389
202446
561957
93934
546366
87657
855237
140767
332376
687410
848137
969612
759464
571883
820800
594928
903683
202741
231926
777809
246273
472989
783190
955123
832379
84069
446677
144854
391184
260734
621329
996337
914011
50764
63651
360295
298159
140482
448635
250470
473208
145544
319801
6475
806031
563718
209427
859336
513949
121857
667907
256107
979274
468966
66365
792897
62969
558290
595711
516220
819168
230427
183749
373477
885864
370478
450656
472896
666931
381170
533103
860926
968220
816365
801445
998811
713491
581504
584210
978241
720502
701288
87968
761576
96628
455951
694167
56223
132196
852843
781309
364748
582116
37092
718958
601500
308750
283179
379967
545733
886352
447991
315336
600279
984633
652731
480794
394960
29253
690531
333997
347469
438710
932816
807825
950251
859197
264783
818068
483616
894893
466382
766616
460924
116524
863252
735524
552491
12717
686710
168250
219744
173926
986285
846941
249671
776964
873643
622012
950164
47270
681294
858133
741946
426315
352270
650719
493180
202032
12266
975119
932195
497143
772885
655606
707088
622389
744842
202819
871977
197163
239230
901527
719453
758038
908499
561419
393118
436676
312558
987414
258411
794937
256138
416433
656751
127015
618665
28374
411935
149112
970280
258756
463045
434518
635032
138374
317714
696188
5734
459643
7850
954640
730020
868102
790966
335619
414853
995600
970549
359700
217179
332028
710901
780371
26178
363516
926690
232722
939499
608723
172855
389398
353025
318316
511980
913948
352258
890522
382954
342897
261294
323063
60357
601222
738190
526831
279230
232166
890741
923121
723232
40032
810062
360094
831837
644991
283142
783854
784871
647287
910635
456533
657576
963755
488476
416947
629525
732534
376099
793655
282297
153617
91266
139781
856448
69787
233013
337040
778334
337177
747439
924711
659252
725670
34552
679235
570580
833722
152665
532682
959874
797857
934785
787773
513381
491382
811875
552492
500976
899116
367065
702741
335379
871917
605520
397885
643263
960120
531487
446358
18098
697022
553359
512705
311026
364144
418436
67512
498506
237568
877656
892358
212778
736160
929548
541780
984646
20381
711216
932921
261725
983347
713411
49082
464143
894965
831135
611463
960677
97983
161481
379962
380984
811488
988978
578128
51569
410697
809
20569
437703
563369
203815
859465
212315
133117
574806
929249
252620
803708
301868
609841
94238
268241
937981
385277
516847
97396
279033
148794
381129
851781
13697
847835
987665
28577
477262
832317
143759
542646
200534
584184
682028
448235
590491
450925
75379
426646
729662
255649
785108
907034
126091
755414
368896
480072
647694
399157
840262
722070
132611
685151
709753
804157
190850
152615
980404
557528
69533
572986
643733
250316
107826
348134
82808
815374
2687
554966
815451
482583
351543
224254
686900
628522
65982
853479
510064
57263
28538
311964
2150
253265
788721
960685
748254
832697
607078
254011
914686
343377
326963
130140
399969
463984
872248
444630
680621
324910
472441
380343
564114
509920
170554
966581
452416
518680
981574
515506
964061
551746
526508
93587
178411
8208
3162
686706
117604
6450
700832
867043
626292
70601
402590
225599
713011
243503
455767
175900
499162
229953
278736
621990
189146
999193
221344
38308
336896
781917
419864
594754
660978
312837
625812
593299
682106
799325
751288
71525
368848
672337
860429
202776
221988
874983
519082
393555
803992
511722
643448
989886
400650
213934
652219
100548
520379
305237
223457
138541
186399
850436
135168
268026
268998
438588
938861
909874
800772
1975
332401
620454
651150
624023
185679
57083
138852
457516
721002
64432
780677
142981
650056
758477
180425
210003
110856
609998
90146
703115
439471
279716
346661
963278
20180
944511
748718
200634
135971
827174
230773
72402
889807
914
543240
686689
149713
699300
389953
819175
659471
746086
486211
89092
101992
552909
526462
290536
284079
712583
341424
27879
719186
695556
701513
689823
297149
650059
476733
354512
765908
827953
922451
424952
606769
149534
27990
816454
320573
556660
722871
565889
830219
195333
40423
544608
425960
324830
457469
786079
968010
393881
517749
449099
437773
378624
276747
236731
83568
228276
626223
208350
137536
894764
189380
220740
207278
186105
614351
721351
166356
797736
336077
972320
225145
950297
462970
923555
171300
556924
533922
141677
347324
805385
711489
631351
833193
672618
365435
245127
942633
894392
706046
642573
955560
935428
640196
150238
964038
686844
761982
108177
917417
120324
681299
66984
353657
547748
257788
961142
674181
336631
731775
432678
753941
786602
634841
421470
458636
944296
148811
893277
191238
132403
204617
576234
545581
787252
188281
146048
848096
334198
459223
430009
520851
783503
799534
333947
137807
614555
623614
950455
740912
54022
141001
371796
900253
572185
631382
470814
943055
78850
647903
301053
256875
649330
577768
443462
296928
798815
170843
15080
822704
333444
843636
344669
615545
200661
370880
290517
878906
448777
26474
29126
21543
427511
232619
296937
394352
497766
893850
409545
499988
52938
883564
800056
810987
465924
482342
206665
904780
716881
320155
647740
533510
463672
893443
802469
56216
726697
202425
686768
429186
623656
917391
678188
791476
811010
437671
332190
629165
859273
357771
590183
135227
598407
720736
758664
190352
78241
324172
131169
496502
852705
847809
331744
914549
221440
439310
836800
984590
476370
593744
827699
21125
974821
642552
756392
652298
400569
24743
65052
30480
979968
107801
777705
386284
911941
203500
314034
794323
250757
675986
332336
29806
360040
994613
151757
247837
867724
696192
606473
277827
853300
138268
98341
355081
417418
291236
462986
676455
699309
598080
353098
211916
605492
682039
91783
360074
260264
969036
493396
105031
222580
52947
785708
73127
93543
296222
604180
193853
100460
974079
589177
965500
165723
871909
71304
956536
519842
123242
623315
329326
67669
971555
749114
136699
793222
566916
570194
593323
923614
886616
539979
857491
297907
887660
698558
503214
697755
29240
784416
296572
214252
701918
138019
85312
233464
317036
159096
159750
705233
748917
320884
694151
121264
87000
26715
494797
164988
466068
445657
520432
542594
882839
824149
881148
864408
727511
90100
433576
787030
161424
886455
957950
30505
393234
693699
932131
203919
657723
400036
39755
177063
768920
540130
383879
570139
505865
461150
673375
621391
905830
45840
187881
237656
135904
77984
643477
982993
320846
282401
443248
43025
694151
762200
308968
613952
907445
349979
248615
503404
853287
601712
515982
386040
758319
307004
726951
591644
613113
893564
63894
483692
856635
377891
910672
626875
370250
932397
108508
888279
612115
559505
697385
469869
806446
356525
358439
402414
111969
551038
394821
917599
473181
721669
809719
575015
475641
774330
732471
177950
538353
54004
902580
892239
631498
533111
140975
352087
932046
409779
556224
178836
25870
983791
258061
483809
129801
42445
655085
171565
20030
828045
590448
734923
462287
564931
521512
416538
217308
85947
406687
146000
636940
653677
752003
907918
718498
450424
935143
95635
841180
937597
135377
416816
233045
615573
403203
852404
275116
202473
64144
677159
87091
94346
166314
390234
543415
680094
189253
918645
209721
503921
922654
643455
903439
61820
159372
312505
195983
664127
286713
272722
30281
389939
170685
93896
960923
528689
746010
142811
709652
950822
454824
611340
157877
192347
873887
823066
452835
29720
689591
650073
484295
604379
249116
20218
860082
50943
688176
987329
817543
462639
803902
615836
359564
155514
197612
84090
161647
368532
672357
860853
694968
694911
502065
408627
546310
500027
931149
272492
951136
316401
21223
523803
393240
668973
182867
445833
594267
783567
421404
697992
172800
739435
476870
36817
154174
937234
675400
10250
132772
500876
549012
768282
439281
941116
285755
71381
649653
660604
173394
399821
132140
185474
168975
287281
697419
761273
658762
387164
181
824496
658868
211432
26527
30179
81582
292260
237851
768207
52289
376856
164984
179473
536257
501502
351356
124691
747403
18014
893388
506998
74846
664511
619601
354800
201952
872221
462942
929075
729046
650601
710904
342513
33191
536611
816408
44999
184881
51714
37743
244333
870224
518639
675259
790129
577057
594120
932939
513556
371127
418322
420167
85840
98959
385626
470891
16699
916204
128226
191530
269607
316554
236856
285383
618096
226162
191942
45930
49442
459247
721763
333729
960878
172909
200714
353762
226442
213068
432795
662047
89604
347493
772739
931028
577563
257645
136387
319183
531419
126180
482509
860093
228298
94184
626862
342406
659063
557717
369386
548898
524066
84669
206618
651047
596423
87794
392366
279384
619969
122238
686038
544858
67971
825784
529419
567293
465527
7839
418999
848845
408155
256852
297743
258763
721289
419685
269439
491168
481612
690368
633742
759069
150480
374898
232047
655762
380407
263955
209017
217679
128526
245131
85504
193130
156616
199045
78431
124948
253589
129596
235200
783517
67883
869205
393503
784245
559440
855288
285206
183002
14863
259573
191254
894114
172959
728214
710207
116628
514778
963778
408328
495953
544424
720136
666782
944235
641269
831821
980618
127232
589933
96371
899742
980635
121897
302746
208957
37792
943473
342201
232698
47762
906586
775195
706799
833187
610721
809322
317726
953362
847619
473264
633243
214574
554873
815524
568149
447975
121378
986135
558890
59703
169695
734443
342299
331816
721884
694122
115103
959054
243736
810688
271906
747437
534197
130820
854644
110959
748683
339757
395681
768280
248250
466905
527729
512859
229785
498136
862522
515135
723729
873116
655626
570558
104000
668296
110646
181851
977764
983266
942018
334100
895359
588711
548076
158408
391129
404596
255249
103124
122345
224499
18288
176524
606086
172202
315744
115671
467219
484222
89244
75474
420751
776787
53108
823355
104546
725141
710836
886549
246089
359324
658177
990734
783842
481705
880022
365656
397941
489135
13436
385142
511039
513415
482545
303793
500303
403046
324404
468682
670345
701845
973642
32003
626717
109723
888027
530486
868929
713752
354383
571320
804586
21961
278812
465539
579739
446444
359357
975224