162916
281864
901946
260163
591466
534828
48287
159081
266704
387382
476079
510349
204502
865331
62084
155406
948110
642926
572729
408233
422799
299709
132993
876784
142529
118695
572680
32255
238435
612942
139057
626863
930699
609769
954518
107493
657737
445495
858594
932792
383720
744188
202047
905573
571797
23501
774429
827097
117224
22328
338142
471550
303663
234404
238738
167756
96648
499069
588125
925841
897918
943392
202567
906015
944570
615464
822378
727603
662527
222954
325039
812555
325345
745105
697295
699062
745586
456890
923230
490142
14055
233115
480902
874894
968092
332974
274613
9200
951946
493502
746986
841079
975579
344550
457026
897920
498689
247688
113141
333008

778274
362745
785806
889199
157531
144085
163473
102399
939894
122017
346648
893467
653752
890540
963587
559630
399187
100393
801027
298935
947535
204725
227946
956456
549114
628288
174189
364729
956309
795753
840516
265750
774664
255320
689948
189871
104577
354099
969199
416586
321663
206510
51535
930607
329778
373083
722210
106839
767897
791765
578791
503877
723933
99791
77899
150228
922773
556729
546058
680502
366551
401572
390074
80098
461458
768895
43936
408176
265649
125792
303104
18596
805920
794202
868122
662175
203069
845503
991543
523623
739807
566271
666954
416035
773285
895153
706198
186727
375370
785201
139660
91444
239352
687584
139834
925075
662982
698585
612064
322623