807049
335801
431975
615136
686341
260466
463659
598254
42902
39266
429753
776298
672544
186813
675836
257837
497398
191994
379896
879187
248747
190122
82711
241251
235468
948684
676785
85439
530297
803056
130109
149814
582000
928657
878814
420488
539852
34169
982551
364827
919153
221877
267677
393278
629574
348778
6433
962392
641344
555655
545896
12272
114251
914073
191408
714794
565478
403556
274351
509344
580476
757875
238137
261306
134535
119199
500270
634534
940281
755856
421568
476861
554309
237176
147122
901045
584119
225452
418520
197876
930391
506281
888077
527855
249826
669992
527461
345794
477126
958589
84147
862396
379218
307925
859730
87829
72848
531454
694928
212964
850249
243780
342224
810822
852420
276262
854315
388113
442603
303432
7007
698426
911082
765144
634039
881226
313906
433653
805292
139616
919344
489507
379734
177758
210254
660073
148319
176991
424288
599986
974513
837825
448766
608018
516215
17758
789570
214638
826345
966934
524541
915588
326284
378046
970023
511624
383942
143732
192854
859635
908240
837429
298522
395874
694827
79410
4845
777731
282101
701342
656187
858119
289452
717595
290668
465400
617195
975862
272839
69895
507478
686307
959255
256735
350314
786306
300662
231378
627093
213481
464284
915068
808077
803924
269277
477181
457145
691104
877199
315959
293491
57924
724903
410272
614198
195269
473657
213905
819474
399361
562155
524400
976094
385549
626229
20011
425472
207201
225622
753652
539964
73285
323
941441
484996
66982
565925
364465
813017
230456
832044
562234
718404
964510
260390
193282
81415
943753
291705
409687
692603
259693
588947
23010
5140
10676
598129
459783
4436
774005
942956
142974
923160
889697
957089
481821
478697
799221
282413
882750
920067
407762
369196
862399
83546
701888
853188
848860
211385
127426
602069
493701
753053
967878
240427
85087
807579
855274
840110
54364
505479
551571
560526
46162
19200
486561
123830
243673
224966
385199
332483
147097
451667
697607
331562
630428
548330
666703
290377
398180
359197
904270
150112
306793
643435
98925
751688
195209
581720
292196
209058
551596
162879
880269
96601
530183
932936
492647
50855
130884
667201
225427
794387
180096
32224
62962
717665
276475
718319
808538
860340
352298
268487
723344
65904
598545
857573
820207
225934
9818
218206
970837
313805
65802
75562
805445
667946
444040
42951
838905
282180
726607
584804
680269
232449
833847
361611
299809
410798
185048
204451
104301
391647
262324
271238
39839
385571
293862
609249
799531
718454
568662
171406
397298
970021
456027
58920
696949
845567
8256
216761
915172
926306
773676
63391
353174
932114
818931
674490
423373
21226
503188
746432
51426
981937
346563
700781
119652
99551
900004
767046
677983
937082
312117
689280
12951
579597
554887
760973
55575
232257
515213
326411
298983
34692
558
310945
412742
405110
617128
536580
421543
275175
890696
545014
99551
939597
855372
638217
550588
804197
290713
768898
457241
910547
14154
506402
317125
819469
298719
242611
727012
554172
709767
924978
125544
68854
584013
118301
280679
127131
704612
858983
121838
202583
99820
669696
374441
930355
369427
599537
259928
59811
969199
173189
341692
762659
607735
586263
656957
846367
556503
518652
704621
224193
73645
552064
605440
713770
829237
930294
518266
913708
723137
610548
397529
842762
54134
479840
528626
958543
839495
100092
39417
640817
748238
233668
686701
589601
994743
443275
940945
394584
516765
830061
23021
863781
502325
334551
777712
508956
964134
185049
47642
303004
168263
326770
249242
538349
47521
309785
238938
421673
427190
795122
962132
543554
374472
90553
670081
700771
918392
575638
865487
580849
802555
489255
806994
423189
179604
369210
605716
895991
51109
517399
266023
585154
310884
625938
694102
373334
692161
64941
317109
755065
174365
384969
650616
467257
886019
101569
294917
817800
574706
269647
795077
814881
587422
799436
118245
991084
578419
958843
581355
324774
181850
601779
881654
486925
779971
44184
870074
335483
650784
593051
486737
941172
647944
188062
898700
448050
66884
551733
183000
459512
122731
687559
234375
343281
188980
394795
524437
490944
488009
102196
417405
409075
406361
717681
786775
902702
6375
7098
253960
272958
748173
971224
142120
217448
445416
227745
525493
899955
916770
98844
419995
317497
500083
967092
3596
42109
452673
499763
701623
757149
511391
286884
987042
805715
47207
514487
663444
474251
394058
265890
441490
612834
994459
50188
907536
568672
314929
119112
618230
688843
410155
775780
560739
998240
154462
476551
751237
206038
393530
627769
485653
284765
841510
666641
739835
588420
682150
40615
144035
342498
887947
302034
801107
462773
197990
153064
486695
760275
888422
75280
612735
121617
650481
52034
894683
913592
526135
807499
188737
283416
40900
841428
110882
4376
1419
486577
855670
574969
663520
874235
718162
202994
154694
925863
898869
798724
771442
204093
577091
569704
24044
176366
19908
82967
90814
512370
393005
20687
766325
862007
491065
485820
886939
39486
348702
838446
181489
572316
669481
494839
188986
399462
917304
589618
59533
425581
609336
870058
559842
340418
60571
236522
329264
653805
700866
596149
39220
730328
630553
378323
309254
974491
309314
537564
427953
222163
361661
816402
856942
321511
146688
524641
410395
673093
22504
923972
464331
785926
934416
739689
878666
458110
288336
911087
973735
888445
526907
385553
868977
457635
318324
140501
795319
631641
404549
518139
373584
638238
323097
863616
524818
608344
90571
570022
756122
874903
550828
625133
410310
607729
714069
446768
905310
278506
382699
439917
358853
248045
863733
874114
252367
983675
470518
133026
509821
441188
891855
792741
165110
653441
833089
504420
859842
823401
210704
198694
218050
221701
622406
456843
879492
681742
63906
350238
326048
350196
334333
537568
120631
256727
41883
688136
338092
217261
730491
519975
161583
774289
903896
368226
303036
793808
739126
110190
944630
987853
635578
223920
212947
688759
174595
365090
234783
620227
129996
11855
798884
926264
924585
836957
151741
657868
360230
320560
902725
717506
68953
707953
952244
455866
651745
749497
739374
970348
811679
947529
427326
863405
162233
533619
447058
138122
653796
276602
868262
230672
139462
920403
69522
134025
699239
773035
317557
24198
801778
88926
145576
56131
177667
341595
505102
74609
64903
41825
957940
753240
31810
688434
297976
806393
973164
228502
430288
208987
26621
961931
371760
843712
549666
928779
525440
220623
748471
973196
159990
998395
915867
189801
301079
876748
629534
644457
566883
547313
734999
582784
447984
466992
14738
801337
22926
78234
839022
744305
12508
505496
539360
886415
80955
633257
487368
18269
477710
85258
192679
926100
12243
469389
893958
983001
826249
433222
834787
670451
655124
60824
769067
749612
473990
486312
207352
981078
385932
121361
952522
28412
918061
97184
479930
450991
52950
472388
733404
246924
440902
310170
382996
814553
34918
646665
55999
780204
533702
159333
42475
918344
158326
6546
600372
562003
138865
202158
265672
726917
178255
324407
964793
855211
386541
542139
790986
383890
233608
700652
419055
787549
76876
370768
325306
318683
371546
583932
150440
372044
287056
836115
711982
155851
625046
768776
17985
970114
745502
763764
527632
587606
538591
693816
92070
16732
111409
26873
396076
765268
896452
493283
923827
61569
343035
941143
201062
129528
319724
730352
104174
647287
461253
288977
902520
243442
44379
633151
453823
447810
818427
887700
610612
263899
458331
79171
923805
685532
201410
5218
829225
691453
785579
781394
428013
91081
369251
379621
763871
595739
143170
48386
330675
264330
921864
17513
917345
620652
569818
896138
184007
629107
16082
810357
124138
773361
364692
608494
966165
728676
104294
32599
761467
336145
556132
68914
380375
686244
3047
529308
943928
801464
360932
631121
407712
705337
427388
747773
655238
799484
128695
264579
610579
840455
609132
362035
608367
752896
687117
245773
170721
989390
400023
206935
450633
889815
131191
833315
165114
106616
558869
323945
838080
546923
898002
23107
794384
993843
485436
639903
988929
530911
436070
29682
575842
639993
611089
481034
849981
976255
607044
519052
444685
327322
728897
218965
396502
832071
146428
419790
317567
893213
528607
342765
343864
160589
168326
484165
501949
28160
468659
671763
981664
252565
254675
111322
118163
704382
745650
574529
98143
252862
867219
457994
120230
38596
733358
959059
933655
928111
61614
423807
224156
458903
376857
254199
303214
883897
509564
580954
860901
289760
960961
928672
915492
296898
449309
100076
204521
117780
336743
749865
408174
964897
852060
358794
239972
13702
540146
517315
615298
830780
685716
710843
102436
585634
124334
773185
977124
634928
269396
400190
972068
162362
920189
222257
36903
209046
205532
519641
533362
932946
537179
442984
265168
761503
810882
604260
918256
709242
358218
82673
252052
604939
728105
133506
320284
535672
309878
567106
822443
946089
437771
532929
334640
953826
778465
143063
196922
308819
292542
863379
400126
804779
894255
759041
427068
406642
559321
157437
455517
843069
919040
358297
783815
889047
655468
165012
21122
101334
524468
717643
701720
305754
343658
256958
520978
936406
850544
174472
16764
718769
686071
767164
793779
769831
841205
861507
939285
211877
500599
410212
346394
242840
253846
264653
879581
584830
242751
515128
729378
31677
32750
411757
110158
387646
635543
687449
30987
402666
492325
764442
605326
203778
143659
416493
409465
612827
504000
568912
847072
559111
198282
352461
918682
534360
732816
484223
862382
563176
612271
968220
157773
677528
562794
376169
528491
549787
257553
559405
502239
79634
408594
298226
851450
36998
64469
602448
178271
733141
802031
355838
55538
745261
564615
678163
109887
552990
522421
716491
9375
933614
268406
343748
625435
290007
684860
290846
634767
671933
264182
120067
873503
476529
688191
28125
375701
372648
839630
387173
556952
573979
534379
128480
393953
911526
304725
308137
70388
558273
113482
366498
172022
983319
220260
775755
364291
847664
486392
875226
927953
538384
977843
427198
169965
162093
169249
901008
567171
524901
701354
237151
621676
715698
711526
377592
384164
35910
245516
93977
851662
647815
983265
909776
946114
162417
549274
593886
576178
150571
238113
332221
855133
499136
692463
470793
403694
412722
399755
704714
205360
463162
984903
642021
914679
289247
448971
488270
617577
763283
936663
192782
738763
997801
957451
526317
217480
930293
964152
7642
156525
909507
314291
656828
401115
548388
342367
578405
240226
688026
175689
296429
784075
904972
158038
556532
931358
226388
85110
396571
324316
294469
605637
825613
365892
612394
533562
816808
722110
397269
276212
802807
32196
995177
930963
328298
808833
300333
969520
424743
637802
519394
33473
698577
301690
445415
532812
171376
710860
467225
567765
804860
921089
112422
354229
699268
957659
723317
338723
741785
406660
579705
700187
12006
673769
744889
604729
510411
392083
670863
465082
258796
742753
602110
388514
739371
521583
435084
965173
370147
802414
557344
379673
402461
414449
732680
33438
514918
73322
350417
753040
361226
315700
380779
632712
997758
320888
392783
769088
642461
633348
553390
538409
922829
151104
291781
373152
668804
981857
130328
900205
923472
273872
351357
895050
674426
554702
110152
886731
274388
236106
261489
175302
953537
647687
168330
244633
821292
69161
662686
434376
198986
282685
109352
396021
670053
911544
328201
862785
41310
189410
795687
752742
236972
136903
41442
960237
613439
422779
181835
249390
383043
833162
547365
479509
97851
274066
436642
313514
115882
75970
313449
201586
723084
713041
826866
378540
431710
106807
56033
116209
312022
657148
824582
846118
421195
885111
753904
730053
458305
82056
491439
874246
308731
414777
798886
18518
784014
248809
679204
344663
19835
198810
655074
270256
931178
549299
489634
911928
541601
891017
449224
327856
749358
355630
916802
813855
160598
366264
27582
536804
294946
540748
673682
218706
908461
366984
513688
718265
567497
115035
976325
721947
463796
470676
667976
557965
831540
461498
503801
84293
532520
219559
636953
436829
536388
978843
697070
575527
13156
644760
394159
594195
252369
827641
681167
98708
564031
942695
657258
316924
490090
654494
606541
561441
340610
957505
271721
645719
45282
935749
165945
607673
637184
617406
341130
663457
917683
508148
738201
941525
780781
416600
196919
760085
216247
372124
704241
765132
455006
41538
30922
445942
102536
611081
202568
153504
748936
543151
713611
934343
627220
765617
14092
627401
393269
623317
699108
522453
127029
461124
780215
806904
548892
166312
5850
672683
27096
485820
7927
118032
176710
751455
101027
879553
30615
91123
619575
755941
714201
535221
654087
77074
916200
275715
485480
664987
981914
132216
920845
916084
100438
793956
318425
318168
183896
610450
620570
661164
720443
558690
472031
916559
962065
11296
524002
216864
107997
787824
773566
853711
656669
757613
149722
41164
42439
802082
648928
279161
812428
275779
891734
822526
703187
784846
925834
844915
80808
428391
872576
287303
178303
417724
271892
948595
635988
389078
119741
596901
31466
667613
713287
619656
167761
432178
109039
237285
28921
597728
864768
515422
33048
266595
678282
941750
230307
527448
657938
370066
698461
626364
710471
953526
983165
103254
187991
872382
223518
711261
478926
659564
683579
393969
765092
969962
119364
262661
552740
325030
398171
930630
811873
93777
189687
598210
38431
854063
186321
359660
127991
326303
52300
326248
706758
257622
116488
562661
962602
248439
350490
276108
530200
881496
983218
952880
506130
329506
925725
780139
295101
977568
492013
404127
637133
755543
755759
577553
529386
658872
291720
972515
110239
340574
983750
521509
108076
254215
559320
499120
952207
831490
838315
826863
57220
898545
221425
779798
380681
680040
516286
996326
625483
884081
497855
319645
90360
985577
718270
258732
791543
29598
461325
913431
946096
641898
828159
627870
23253
275627
842673
754735
711620
196580
459570
585570
548399
665966
326649
803950
423464
775197
713472
181205
534057
706977
719774
168235
345986
993519
587162
606145
791856
468201
300845
370356
456896
883961
529991
847822
58584
968914
654631
233623
351822
987683
598224
332753
968171
828024
487807
855622
391840
202926
879983
809684
964207
749200
499664
299211
694061
97647
144233
169057
213327
180496
609196
685441
968621
657420
89368
432329
83373
56533
875362
829021
78808
261497
167200
987707
44215
288782
884578
969779
967910
586304
53726
116773
686350
708652
265603
812585
329164
402882
328341
422241
550416
821550
151895
261851
819947
150389
235974
400484
237208
509126
862119
276241
353111
829992
92661
711707
316284
685572
901260
311434
758163
199446
538882
389766
153490
176438
774639
9577
280203
905808
668210
677116
669557
753944
220731
458808
567479
957487
746232
258141
760704
978012
450315
327726
551818
726095
64245
641869
153446
50633
557179
568099
328589
667305
815074
550784
19690
836689
825226
536232
185693
415479
362396
575217
275824
833071
594193
603564
365196
554976
237226
918129
316061
565200
540354
738944
331782
936551
851665
14125
813333
169078
455290
231574
543057
65130
851867
942116
798323
364271
644428
730874
178086
997679
234491
112406
472525
85761
844224
660762
504967
311522
972849
25920
61408
295162
329712
206366
531222
206352
558101
298234
400547
598257
576595
871461
274358
154741
111350
189729
892106
328680
461086
21895
543608
987835
865388
491795
227893
806346
689900
801740
94634
954324
485382
433487
19508
285983
44171
171435
8127
368133
137626
915040
774307
781434
188928
138515
226685
285766
131593
32688
294765
556818
294061
354516
249729
321198
265426
367623
721219
31352
116008
698036
200694
53758
493848
740876
268913
307935
682920
643885
291999
336054
312834
587859
975812
269374
354962
310873
965305
663893
477503
54230
842388
842969
144817
255001
519468
870435
399644
313952
463790
626758
288781
21899
706207
95748
668251
390263
808173
689780
342766
829544
46773
76448
279700
311275
914788
792448
716514
355209
836796
352288
312528
435886
758013
894665
17234
823761
627071
612891
926380
25933
161604
596890
517348
615783
605667
402714
106817
268393
630721
855619
78277
555023
987152
978087
36678
231363
13794
693929
298785
135679
416326
30803
808877
358864
967693
440785
819527
915336
310364
372622
705642
580876
357815
880798
819322
10500
919513
320507
412442
129357
593543
146570
854549
143195
618858
92014
404923
821564
61564
241758
477423
954639
845582
840985
296715
533742
329679
147068
329592
163019
228758
411733
336747
175985
27731
36321
620290
244591
748093
499703
630404
716491
691566
163103
854755
772979
391659
741374
723585
415735
556712
658566
187310
43554
118002
97029
908578
746344
543401
119683
383252
812381
516840
812069
974277
971104
796168
588389
210896
313521
13266
890681
750050
190923
676607
65920
755188
304134
426708
222759
278604
150369
155560
416225
729561
42045
248028
834178
391272
778672
542258
426052
583546
763470
463720
727539
751543
604386
107450
176708
614249
814740
587866
983315
308124
703700
229563
20005
888508
73586
414597
439575
816581
777386
386238
453716
266242
668813
68946
909584
520868
976011
580874
361502
458840
53811
495756
201889
380642
507592
697102
682339
161540
19815
60631
501541
125339
767383
461881
301959
124312
654704
927030
896331
178881
776583
395071
789362
504001
52783
438161
241455
756508
166714
80410
952685
72596
256012
650581
44282
656115
719169
993531
349537
343725
31417
89680
459194
605230
123800
203282
203865
616147
385259
50938
860343
35628
107400
184948
231633
398645
996426
661027
789690
989375
323335
299560
564150
839984
293817
511237
213716
428448
96933
293517
664628
363042
668391
961292
238228
760712
899522
540270
693668
518166
974537
194710
721546
653450
347191
398337
952922
658902
693792
847360
683507
342184
481784
580283
165989
420120
949954
373088
232647
301386
457233
275643
122766
161728
897073
344564
626173
297946
160569
672906
238120
266985
851552
947493
236364
459887
365425
707282
111530
190024
293427
936707
899202
861084
779896
670890
345628
747929
751546
135863
465420
996448
898070
900449
580636
369409
144260
10425
422190
836612
825474
734206
295244
764697
264676
593641
591423
98713
589669
342019
747195
449206
434284
667998
189682
383429
749395
399680
980483
130718
445137
591099
231820
695077
746092
539605
643020
868181
256130
786359
524373
292449
265643
571323
609781
29769
435569
640747
621190
229283
478724
824558
993704
486207
108658
344415
609410
985578
540004
161218
979082
295499
705847
597405
128743
473912
229627
473747
615504
191115
961694
265689
841679
671664
341964
936328
123912
526392
693593
408531
128561
858057
436437
160688
991237
161257
940236
79661
994608
695260
875927
360829
719452
116781
416679
360760
999494
881740
348453
65291
655845
653923
847999
633983
491356
5686
332739
537961
200631
629613
896277
550791
882032
843135
370806
10564
362510
332837
798014
695194
144994
665843
994004
106496
908337
774724
579365
834603
671257
361706
365571
465589
660130
178418
564275
36878
910566
306742
628581
316647
298505
62633
808763
407113
67081
768468
145282
437037
287467
479892
212138
673108
535215
815232
795141
39291
888879
154747
106690
458968
904543
870444
879098
294834
549832
157692
432782
52030
999664
671379
178981
808608
75672
107389
573384
547306
459235
229464
885851
283442
700251
728683
761541
274001
582705
626262
938312
576572
141332
344857
306734
428851
400252
759551
425935
881269
780824
962908
180737
204285
899620
428142
432253
419938
932172
37238
260004
500854
82137
334986
793548
848403
392363
783016
528957
82234
918045
350070
393686
123642
969215
315825
882022
258515
534267
6484
413811
442349
214409
238419
570005
794238
157794
433881
585833
189491
748322
124335
962796
461500
557154
164009
455902
877387
83447
549650
786675
732273
138679
99857
39873
98414
95091
83550
456364
419338
303401
60187
984122
615963
100017
730766
392807
834789
474337
624340
947325
10069
833724
609702
860802
30188
633767
825310
666008
111707
44359
962493
144518
541597
291720
116919
171735
486298
622671
594340
421029
951455
398561
683568
186013
96634
775999
521331
226123
39178
306005
691473
997086
208296
268811
862595
26786
930350
595871
38878
492449
799629
458245
183342
553377
15748
803593
17936
135610
187713
66776
172771
610383
253085
34090
543323
902401
424622
896052
998680
770090
894384
275164
450374
155132
237581
348010
528163
857507
164877
205522
540613
231400
460815
776943
291461
693858
274746
498919
502976
329320
474021
976717
422685
984155
647923
810562
558068
615995
405669
419510
359379
853092
308380
554102
478870
358115
842717
57738
932830
272689
85743
450006
700348
1371
11026
839476
528087
939097
614065
215974
386401
7125
785094
414367
575005
22859
709270
18233
662143
969947
40706
360645
778035
49960
340732
691489
391752
13295
427730
508899
468904
987815
231858
871947
374305
201252
378313
705855
983758
717115
255334
683902
85724
779770
832666
968556
602500
872718
26042
588609
621636
556080
295899
71742
155865
827166
867470
674307
736697
838496
133340
230610
736612
455234
900104
129352
490995
491818
467989
611238
587331
162922
86876
597534
992440
80793
470450
576297
409099
379536
796811
193329
716881
783960
841354
489263
244038
297694
398076
252895
573847
439557
750034
608836
548252
143706
852965
820826
389725
228430
697699
445584
144375
355514
33258
505903
216262
111000
54228
453651
602756
151612
325957
591551
700662
298951
23433
594259
868478
684495
476710
278681
806625
909635
582005
811429
798042
93590
331989
895988
880518
690628
972041
973790
11935
897192
723750
636836
233340
445195
928904
343717
186306
700627
97492
43987
17422
902779
311274
818762
518442
482402
716233
705599
487418
493490
327443
201713
876732
395064
606332
65445
785427
495066
111295
823752
976695
712236
504324
881963
561739
628012
76731
631215
459501
36390
3564
88464
61924
349390
360682
203365
885730
957983
198226
123607
63790
979986
188243
396092
112778
518829
897618
504371
157552
151207
109418
767604
220418
926419
796380
802090
625135
437395
2278
882127
23581
707446
892736
102867
685452
27095
67324
248765
709572
50446
895560
343955
949069
58353
388387
915352
576695
414277
504049
855331
31992
557012
174877
94376
665112
332726
431080
94014
744274
370080
970546
149081
265491
137931
70573
300226
762582
712986
829195
842803
699953
965931
742790
804241
665242
606289
796766
843228
400980
639663
372424
287242
508982
787261
339201
897318
698518
594383
476340
282635
23915
951472
672955
527823
967720
177196
237734
653615
318098
434904
589980
727097
201194
379001
982866
691551
842487
828639
971565
192720
447108
64395
936611
67899
361123
513406
42890
600500
178116
658431
51308
697939
192323
25454
559186
796932
841891
71879
371277
125512
250949
111414
887653
452813
661764
850356
924723
529255
235472
522447
575810
506233
933577
26772
920666
515723
375497
429372
110433
643621
360144
960937
21418
744911
19905
355383
597379
886376
112461
960927
332893
647375
324539
379648
175430
146812
217320
957018
635369
771547
69010
283518
229443
944236
48511
682811
155658
61963
887880
151381
383352
459702
841183
530037
302639
906494
380242
800544
996112
248998
19199
22336
426163
549474
256862
846007
739050
321154
351693
682970
39818
518197
503852
413994
615508
163939
41932
177058
34721
506719
625850
437852
757744
754319
261120
460263
71745
16817
303304
702699
889648
157255
144850
630978
257857
889433
838728
504052
774138
277077
420598
535608
624966
279720
944266
714342
598478
481529
957185
655027
876253
424471
366939
357370
426607
337231
578624
534703
949372
690402
69325
887498
997736
922645
924960
978827
397843
965329
478793
409971
325032
695142
186847
715762
727720
359636
248785
67802
984471
317178
998616
948108
651670
918297
58466
401063
815235
586455
5282
646178
593103
229952
683809
442746
607694
143235
616908
438035
954685
854466
550482
290438
406248
431655
904336
381325
300516
426715
805660
251613
923521
733296
506936
583958
662999
443924
49855
368601
310436
445436
285977
119182
110876
505529
707060
700627
237174
983938
591239
403023
284460
415397
721249
289418
825153
394871
108773
781862
958571
157220
490405
705119
685642
622348
770797
190433
71842
276862
407874
961421
843760
298282
708199
34610
361875
347267
805535
531360
200973
502375
914002
398214
856940
831417
996161
597745
235076
138183
911174
131320
655569
956117
552071
750010
548747
70654
924199
487103
807781
570352
77750
109301
608143
804444
790589
843471
681708
860934
21082
947673
675027
890481
749234
132314
980310
613640
307375
638461
119490
146064
966896
574231
56101
203875
548990
739752
428857
844533
301596
301406
922988
802407
635582
132613
20891
361964
516568
798972
944349
946686
404221
954802
742726
677970
212817
856713
562786
798592
266341
654327
600227
725839
116349
695120
845375
912105
374598
797096
315961
782451
510655
402902
328748
361825
79991
946225
668816
227164
757697
895016
875675
446914
911073
213399
594120
788502
541119
756437
634088
585588
351935
687317
490853
644251
367417
284321
192354
629757
291441
50971
880297
939978
192867
23790
465470
216321
526068
603563
656488
298252
979798
913806
550239
357849
461403
616117
477398
653035
945833
88579
487117
351308
682940
65206
854675
492724
479306
599692
200510
558044
505314
337322
251939
881565
443797
716232
601637
81107
669692
823230
537071
996829
312089
892223
955525
178947
496368
478399
457428
824146
313375
440528
468357
630625
993553
220500
959896
201250
364428
273156
989742
713997
855584
865611
681131
6859
555480
228095
569029
205345
975327
109825
959854
689123
385033
477226
708918
188699
611778
700632
310583
797086
335557
204758
498735
577305
330631
954104
577720
390497
268200
857246
194068
618937
682428
217884
467221
318579
486092
526849
524250
719827
418295
258761
362976
325810
307638
996773
827748
559629
149131
367753
110883
583093
417239
650825
403677
151001
812171
421708
990704
142838
347427
934592
335470
514427
627828
192882
123640
976058
70715
375531
403196
627931
418178
307876
932805
722817
109353
746149
178921
546595
742506
745204
32197
855915
596707
774500
700497
444448
579691
174554
575985
167011
774334
671659
602015
117002
342057
271693
434853
878335
124539
266385
965949
248610
74249
484546
237269
780121
894500
922931
86868
832264
140581
593737
241649
325437
719811
463326
558922
881964
959754
791542
538658
146440
738811
54096
197383
587481
143
899772
225313
146046
70084
621890
547721
848467
717196
737287
315353
6067
708204
545211
313042
896238
753914
839522
556894
30004
257143
858442
449798
751939
216065
14546
557181
647310
243634
934276
962346
975691
176779
688865
254926
168670
664189
676770
477542
334913
48903
873171
337832
258761
140301
264205
121825
807925
922447
118618
679406
775930
206603
831084
282585
463759
938481
946287
334872
338122
63206
494218
184375
522034
753508
773007
170763
38723
579108
196909
603811
438254
232388
88664
821808
533056
947446
318067
664580
19803
433541
998477
126133
989881
156718
561911
170141
650509
877301
962251
874572
371133
576279
421280
594709
323993
505589
208444
517778
922467
647844
577340
977213
155349
451635
825881
397234
151706
944944
441880
585304
469901
981783
791574
127348
276650
7690
610611
170934
757302
736478
795012
830518
952050
918240
541678
635500
643137
137165
795549
111965
30157
229905
508141
120743
862102
537067
269025
599174
596333
825721
139644
568929
493354
438669
900120
615850
285594
533922
935797
925994
791605
276961
834923
722498
653163
547607
425651
558388
601067
914426
378925
167182
54075
963329
46627
85460
541075
120345
233747
268189
954679
967042
755462
533120
445499
196157
639918
840311
440763
19078
891934
585640
461263
588962
897665
595903
774396
139549
773273
222104
843613
894986
839092
711970
224841
715989
381546
764089
2766
864801
830315
276440
106039
233094
526874
165155
245707
102141
460709
115651
622870
712236
830207
361062
191154
947923
165250
746785
590386
361907
647509
661697
142138
654214
653522
405543
715470
867420
261935
384833
697435
689460
21497
805767
378875
852667
35740
628760
684439
462252
317367
964677
290203
143860
762236
554996
791130
729165
777579
56458
100003
98921
954196
861073
610549
47095
904936
378233
380930
844449
549128
497738
279734
741471
826464
999226
489477
278126
41781
244629
117145
942539
179914
104975
793575
196916
875143
812859
959162
632339
139976
411883
137629
374263
911135
704517
467968
126800
284246
355590
12689
525750
974757
393090
494440
39663
606823
681632
530237
505430
252204
148053
455889
650671
491280
875067
282993
289178
424680
915214
288457
536881
104798
564490
845067
107495
258563
576807
53716
646018
133257
787748
680025
534549
185111
775287
579782
625234
732968
234280
112075
885357
819979
520186
124874
461573
389120
674375
714948
519158
769757
50830
322669
630870
14662
393672
417809
997137
563328
566178
499794
375280
193215
455788
777079
801089
967368
149611
207327
897568
884254
349341
445555
70835
578586
225316
215772
258701
509961
949915
757145
18241
45865
363527
227266
607442
177477
782708
644503
244641
995162
946559
797340
477183
483885
193597
560648
264976
166679
24736
586420
953194
496159
111442
205834
37651
904145
972867
892955
873699
477820
369698
469823
940039
959854
418126
310936
121519
943616
46382
918627
217775
556511
268754
993177
896055
470828
249397
74475
967653
291982
993200
57912
189273
706181
973764
312933
87310
636093
193283
908440
509461
902546
721292
791359
136788
872064
151792
726376
934103
70808
816526
787495
82477
265495
140633
539936
266612
270581
560345
679204
689284
46629
862066
770359
156319
103182
425584
648671
559027
251296
606233
335162
940568
345329
738939
958638
537245
961307
135409
926246
576903
445190
423843
191573
610330
614673
757982
874845
126594
989223
49041
330854
670945
986693
895187
861554
594517
567557
849857
100113
845259
629392
491128
259947
69761
593710
730998
268320
895601
860006
839812
695173
408632
555948
441175
385376
87771
193988
847479
689423
80756
628573
890323
549503
433418
31367
23484
804991
584977
373688
853517
908043
921398
989421
780541
632245
288620
575170
327138
703439
935840
5457
84956
379618
554687
164957
384884
8970
203943
815888
15869
519333
177908
381170
73915
206006
837636
591061
532135
217536
302561
362513
304000
537592
639177
174127
900719
944794
384120
747326
753485
467742
655765
582513
784574
479717
784564
592660
249328
516485
626114
341796
874278
176401
362225
598139
345420
834643
240331
547040
422804
887546
141379
271109
438673
437428
253806
765124
880732
20099
828916
320553
411590
374441
380405
142283
70795
778161
614415
417496
40347
709015
927824
815216
652460
732116
355193
289965
824284
826819
263718
458304
360653
35168
901651
203895
839409
657410
688053
311129
882331
529972
90744
956942
221628
683670
606498
594987
849652
541675
565362
537152
797479
472822
940413
423366
202379
433399
258114
314403
356331
37646
564627
518871
383049
100371
847927
715592
410667
542995
906823
830527
913512
696098
886553
326341
963001
752680
962585
794072
937021
775980
762146
790822
251266
17646
471272
293998
688405
349152
439552
831922
82999
127484
689245
888052
965935
543148
494029
146501
949671
293102
268661
294100
973750
25372
43713
792184
688069
502705
750400
288675
986305
32907
145693
864435
702349
382183
971631
463749
603965
662690
59014
852685
509756
189948
621074
232170
519088
650147
358235
371218
915978
948074
982049
110755
541596
573412
528326
61403
149437
617616
249470
125454
492753
903629
941661
830734
148312
951148
410523
633704
190907
183996
828434
479282
480686
559349
33175
35150
743108
135890
85151
313267
167884
963292
259301
600042
406680
501877
930354
539747
215747
352961
529125
675770
960021
285381
2816
699066
970019
281799
897955
386546
465888
530947
961650
256371
568525
779760
155544
419170
399819
600020
511586
375122
266044
232114
33397
166595
789694
480297
615224
803710
468090
795067
13570
427548
76168
845667
718547
889603
669382
787219
330962
671419
656922
900037
281532
797656
883677
779945
908959
455184
514493
686679
146956
783967
224565
358802
970394
358305
903118
964499
89699
959666
695531
873055
700466
837695
944436
457797
534601
419746
997992
367282
430319
835853
113441
593181
715774
222869
973142
234515
68599
581219
420902
457305
172562
713338
428064
741904
72395
827266
142468
535911
473866
813486
742381
607704
529389
474862
641840
828089
454019
28442
943847
472706
472674
650585
929099
372874
56259
535914
986995
823282
329576
58251
25679
543568
299109
46378
146167
462961
154865
62541
40459
760854
368780
20630
852078
599996
493503
892404
937475
472562
554223
884586
504875
712665
331402
967521
546007
10137
896504
141043
19446
515932
839266
205521
317904
275905
516269
799362
599854
100134
351413
235658
699260
928449
793266
318646
211134
270503
694171
445398
602673
730154
804874
733224
276181
519322
386866
627034
821064
354951
55153
659565
681517
433705
417848
134830
454388
468765
284337
738103
675144
446570
552294
428073
622280
708447
564164
496066
483993
971835
424745
418109
277744
671386
808289
841871
271964
859307
448378
223011
408645
665910
998855
737131
872397
525143
536072
872193
667229
209841
846630
3972
654528
976418
721387
443060
552652
355832
787993
889007
980292
767915
40062
531507
60035
125593
296434
971992
407825
125224
879145
673124
221500
728244
123283
327226
458322
584076
364654
400613
865313
63184
178453
418155
353576
259656
225942
761065
565458
30972
393329
373826
193361
35614
530004
979310
206889
399625
664708
312280
230358
921010
327835
48685
8923
196479
752682
871508
2679
643948
732377
505960
880134
826171
931972
807775
343206
256890
216157
774975
19724
378133
910683
3850
179758
611398
344585
22501
288991
939888
907103
353528
324422
729494
366481
617092
936806
487386
40777
819598
712825
77471
568988
267277
939725
725536
666228
77885
536297
715381
114356
221717
378757
974260
85434
924430
640340
143352
29347
998062
467562
951589
516003
929866
860566
299727
915515
290577
400753
930221
428716
49506
391455
90026
368526
361493
823521
28272
750785
977110
671158
452951
74532
344276
74672
141393
639930
847306
789857
249693
217881
425122
65804
97126
794004
358212
515700
495627
963114
676842
711638
438488
979330
657056
449294
472708
858844
645348
249691
258743
786301
165981
364075
180488
892168
491105
962894
163495
179419
289923
725722
365771
103307
262916
146036
793411
155719
441672
281897
415462
228788
441555
375707
35819
18427
85930
939825
933074
776643
107612
150569
329592
348245
309077
510576
235232
105752
485068
424207
60803
642528
140525
265934
334264
796822
574988
549905
423349
494078
626866
821991
617778
598910
530620
723654
396145
144871
35468
570815
964211
894100
919431
29022
453462
488669
65289
729794
37459
303262
927052
453561
702592
493995
159724
778937
419309
613352
215846
686723
904151
309707
367531
946401
109419
863639
789533

689454
642380
827726
113375
926317
6471
364306
483902
282297
1334
541945
186776
826776
332347
140154
948702
249878
411341
301404
483267
487921
126207
855373
198992
364987
248247
838525
600193
564697
951452
737158
900605
714431
135316
359025
599198
534250
262143
394258
807435
994878
27579
537043
422460
841707
724195
263760
824421
125091
357120
871090
287239
784696
943842
157452
391642
553430
763214
769248
336605
695851
398011
163614
74545
143669
709491
435572
704273
406526
48994
229553
433113
690465
821904
176001
376238
399522
368928
910706
247405
493555
254900
972412
813131
14110
449313
59694
308511
37673
473145
895941
352270
737145
723801
275588
194545
25894
254255
624015
601855
377481
900724
357245
678499
328010
330745
893775
417274
49443
73816
597836
600831
69499
13427
989234
663253
922173
889380
97915
151342
624803
899421
410613
1787
629058
325891
680530
241212
810613
403661
293835
953338
963468
49075
202308
19055
312788
379210
790109
5822
983207
860311
127615
715679
396787
114616
130474
192951
24807
54825
791614
826984
134558
15629
464243
493513
968524
524152
610110
420908
12343
969099
176573
515327
331839
960909
245727
112216
242124
920346
310132
89307
7483
934689
167457
563963
68424
648131
571769
348396
692275
421816
978630
494144
297244
393571
748225
287073
395861
462987
686477
707913
20509
202641
13326
962783
665232
825621
373588
513470
962076
36649
870659
688559
663991
773228
492185
713922
972622
81739
287391
110787
546371
869801
848671
152590
995029
582735
151196
121991
452326
605454
438955
601303
872057
219498
186276
48306
244085
970092
58769
307888
375216
536173
720918
289198
386958
216440
26120
88608
605814
261374
954257
31696
682134
914706
818433
459493
22978
94208
465044
163815
94138
33741
60854
945423
582095
869846
208240
373085
432247
410281
836270
913633
123194
708968
894443
780517
713163
792672
423707
796956
793681
24804
94635
981152
24453
375898
797064
595530
598484
525627
45647
276507
280507
793742
673881
470470
684527
417823
854291
110080
889913
395938
622997
532363
206168
11020
15332
532727
912691
877432
40023
242064
149490
580575
227183
990846
248768
867623
244788
489498
643465
425643
117381
988516
433968
924560
243651
906321
991607
511281
335822
997652
74690
171417
740819
959480
19114
286324
573085
841461
131310
664539
125743
575986
954247
241770
866129
710849
878006
36897
317116
793856
555915
524830
892453
545884
739683
792821
490943
522151
726534
304151
28324
730308
865472
299389
244829
928789
195371
723947
730354
660134
192861
26684
174862
192899
663147
90636
436351
915740
282879
902460
4623
790681
539405
257620
889244
971543
346715
746975
94473
93672
537667
725617
586983
18081
481358
415118
575143
694415
370700
682725
507882
498894
60379
386439
94534
809264
628208
827894
484237
426281
627472
519383
198543
268025
717388
622300
579602
987003
645112
334018
691572
120404
408061
476163
433617
259718
818619
638816
214887
70022
14621
774958
865701
339974
595983
163200
768249
174139
228540
90250
917028
517933
552442
846123
565869
85762
822875
595439
878579
657036
391712
35079
712068
997759
51302
981622
784036
174475
717148
818688
826732
386728
721921
499842
685026
936481
45484
107292
251104
775169
424615
148792
953246
650963
869962
176520
572799
128183
456258
315762
26248
834614
48781
706240
952613
652771
108767
975892
208581
275620
608559
588055
859541
753234
658741
331007
405837
66062
388141
336330
805917
432179
111749
345410
932331
447200
887230
857504
849035
521341
189053
892690
111865
689876
469547
951804
720150
235837
269889
459193
939416
439586
835622
995138
652217
462077
946559
334433
412190
217934
684036
322831
416822
463922
14247
626034
105903
252085
140906
267549
175575
113348
513061
265940
461347
859953
665756
575016
267564
579991
113683
770998
947762
305773
842892
97591
747217
224572
629009
946819
332764
419467
690682
928613
764033
843901
672246
956418
989798
337012
725973
947549
448295
765843
403094
410763
838971
908334
313109
113784
454231
184830
991031
412725
249865
360120
155320
434252
928044
72782
684380
807556
816351
795557
947321
385190
171376
13115
737563
595496
489974
91835
808638
243327
502254
321836
9805
505931
817036
715475
847910
49388
230302
554314
899343
444391
427221
892133
243585
451508
595145
546701
991113
896665
220062
110158
495173
445112
183031
954403
221243
657396
142690
308969
101459
437716
927946
213789
555420
606482
969707
989691
509094
599871
253220
752856
914725
984115
183930
221965
366832
719761
470029
973210
915201
481553
870496
563243
737673
511302
829608
83259
946152
625950
190827
432171
972980
996270
74907
507663
854685
791823
916213
298193
682750
380397
821956
726658
535136
504611
75077
24556
511113
485712
783690
116810
236560
71552
496528
165904
563479
196616
992635
922295
383318
20380
810461
992340
946768
374073
824848
939179
118967
348842
792569
183361
258724
283430
219511
360594
426903
360824
969745
932418
583445
459560
310391
67887
797874
158106
300992
498559
385947
624240
210874
336359
704670
351853
935866
711201
339798
376757
255736
54609
236522
544657
16240
893673
488685
169077
149979
65869
441958
906631
249315
652195
878127
142649
532615
877725
371085
384674
682303
250469
916666
157225
730647
526068
426200
619194
110297
803205
61541
181109
165374
9939
590573
662372
692522
19171
239333
669949
176253
810736
235333
932016
31098
779210
803161
973603
607002
935140
170475
244022
537179
951025
908044
494306
221214
62859
240452
451208
956237
329621
653577
137790
845421
998332
234778
735470
202783
989001
632232
201453
155946
801893
689344
514458
177573
38003
472117
759693
933219
963285
396418
546952
441572
889630
593855
483452
656055
514272
387317
2816
239434
85856
696838
601256
105157
164338
960222
328039
369225
348042
486793
33412
69896
736514
262750
755448
776890
745420
965920
776547
948075
638090
509957
472080
319696
789464
639892
794870
505490
406337
554861
147676
696116
564662
73339
232122
683843
494694
397465
688933
849508
943887
247619
503843
438582
63369
105647
722557
724244
175795
692352
241336
770157
173401
186218
767274
318331
976401
511772
977496
932722
236257
52264
183831
32770
927614
197366
960547
127639
612017
144952
656329
621140
66741
985763
220273
913316
999365
31701
49560
820208
381027
235627
621953
899695
94366
51414
303408
178281
615329
473475
845662
239955
865016
763034
461892
445276
86413
951020
896880
420525
396694
566827
425253
907753
544658
914188
795728
458620
302326
495845
443688
422247
310508
547877
14175
546529
8354
845820
918177
659588
189342
446589
482709
17365
925305
378896
964336
440705
425868
370380
591345
503860
91296
107354
255712
274013
824797
217644
50961
723480
947900
31158
609397
344074
363777
736100
932513
595537
299220
909073
584400
893686
985285
206362
904365
435348
166458
7620
850741
146257
208782
626621
835642
779283
675870
828999
255839
798892
967297
499956
622811
435059
512711
211185
65806
886501
981670
677113
316117
777467
159089
945451
326874
881505
152149
591194
947639
647593
420455
265464
309971
70261
977094
990826
568090
453173
226305
683112
648696
666732
598259
518268
547043
472815
974188
717935
749013
241128
780619
588667
116968
614195
431149
60851
740239
676510
351521
124407
41500
738463
793095
446714
818127
275475
632878
226245
626661
634734
270296
274853
702879
789469
222850
769139
154180
304106
545886
750796
355786
503702
68043
325165
574885
910010
171971
427828
8160
81144
616721
959149
948699
398483
492504
21927
806453
878887
444298
506518
146748
215137
287157
108902
992823
146746
652207
230016
28794
660943
195366
385670
286559
118077
306230
515630
456633
948791
889649
793585
118405
644256
705376
702479
327067
169904
468478
82163
568471
535875
227121
822057
398642
589735
2556
826974
558410
40292
979766
515338
439197
736294
767868
494197
373301
899419
18456
893793
650585
971799
801191
604928
953798
151514
273302
459841
674481
185826
336104
25367
757404
742137
3852
487439
869296
161393
4087
141841
753480
791867
619099
493658
454990
835588
613736
553803
487875
872867
330958
868741
229518
811208
153362
413711
325749
815515
738498
576033
934676
242636
583705
917598
903329
613599
452103
17333
822470
747818
822746
883763
372250
234099
632660
638581
160436
841710
83078
974865
64592
12100
573435
599681
681655
243039
112801
797378
762786
173151
901861
159683
355896
702733
839003
722249
226408
861694
941708
863777
329898
805586
836861
226496
964305
27337
45056
717720
828490
893808
53364
41865
945646
811157
282717
47279
717581
597058
886394
790548
405017
805160
129903
602833
240224
506225
780937
612586
582842
57703
136199
359749
294748
870030
415482
621069
161040
765717
38474
79072
415110
375589
453450
79355
733436
629989
554774
437418
578613
13719
130499
494471
502705
207407
424834
642436
81831
982356
812705
864338
620302
493085
947945
84921
902485
730176
265110
724151
460022
457524
558763
198039
496320
29768
576322
650902
142438
758662
373099
127543
293927
537261
799403
460740
481868
525837
937607
531359
821113
442809
819458
249267
913699
568665
80736
271224
440791
66690
83916
102397
809666
666937
139420
113840
782917
284725
671509
24932
521148
606838
739152
122911
756769
292845
985018
14304
536249
52800
417680
789182
964154
178524
860134
401882
46809
627780
225309
39506
531384
642363
291372
865798
796145
846247
760199
962881
63915
488279
92933
658889
556057
224801
751974
138737
420655
813988
158143
251852
949056
636089
194922
686895
426632
7198
232224
561752
432368
179576
11817
503894
398263
869257
188576
180643
48917
1312
325702
385007
281843
574114
283051
776221
164793
165415
614616
928705
843085
545569
830086
614752
527406
272376
142319
792437
651122
906451
378804
635407
523645
6342
155512
49752
65061
508863
63099
313487
314145
974510
209055
758845
503009
571377
615546
829872
636131
13511
251695
975807
485768
874937
164140
90435
242697
979309
54134
92940
607436
914145
159971
572703
448790
903723
866239
996140
604109
775556
845433
710028
151663
698114
729091
91602
52671
985855
70088
259634
484538
543450
356869
19678
76354
779422
66264
130079
840997
670273
154543
225142
265192
482415
665224
786456
123709
305547
881648
479107
615153
552271
262959
862955
218038
950632
719719
429882
757417
68125
924038
751112
908924
267567
853127
609590
117017
417304
27996
824237
370820
917693
541108
737341
706307
624971
659679
253835
205316
627222
585667
461245
267048
714856
106251
853341
134589
368091
260259
394565
626859
983705
856225
634727
877228
978322
282751
67894
349127
980735
465455
22085
134522
656531
604438
832135
631161
656045
336255
713927
788158
34527
903706
669649
921124
48345
587483
926059
765918
785285
622512
890583
179239
35774
220909
68435
819521
201552
824221
381653
320762
23977
733590
307486
754002
982469
822903
747227
429574
839281
745834
436997
497547
435498
767624
46235
432399
422021
500585
507171
475746
733222
867647
195157
481206
508754
80901
341409
333327
71896
764490
719321
416444
740082
859886
624261
787637
965868
258635
501105
495200
138856
897752
165020
706039
256404
901556
245935
26000
903967
348768
529540
61433
674178
34820
167324
522411
347403
411224
107181
475319
582397
999433
122437
314845
733358
970540
764647
278185
119786
177534
629219
18058
724972
222411
610695
387070
356227
879629
382225
114636
769753
763848
751026
887538
637344
48637
963190
997799
248718
771649
20377
395888
564461
905753
390369
835441
66265
562563
765248
694175
966179
411986
320330
811302
921904
276952
932529
205228
901659
111427
765741
361771
318428
242869
135454
903747
277095
104630
930693
647052
934937
497200
75881
904555
346692
656711
950256
509785
876502
506457
806607
465054
350454
739792
730348
154223
482436
961594
939424
781149
414341
547136
768400
587972
267837
910408
656508
997843
425980
628035
394083
326950
925703
774761
449405
311399
533945
8653
814551
637168
424372
388711
701183
216290
842151
561973
860945
479271
340713
689403
234139
526220
918596
196266
473905
934278
140538
281951
667337
298519
207156
751473
536649
810957
704942
899278
564638
914584
226901
888554
923535
325819
202659
331106
811076
256544
385304
902989
304352
827332
724489
747142
340337
469003
308213
297576
551645
380748
613777
198321
221973
57340
973974
372489
228372
582052
543640
122876
182937
554464
638668
850531
668568
133411
917918
68783
373293
565938
343060
30993
468270
556578
573562
913925
998914
834223
164831
824120
521365
819219
594981
609596
482272
656211
892540
631497
268564
547744
119965
611646
824209
275811
543769
232451
892367
505057
421377
742424
462673
655273
459442
567357
778788
176079
83055
326310
187881
975265
52407
834839
880720
478647
208478
711090
909845
40578
148139
432027
436707
52182
683405
47880
35043
319387
164823
414338
211575
741893
869410
955040
221259
836936
438896
232583
688014
908502
475386
87872
671461
743209
4089
191939
972795
427729
236079
494400
715465
533010
641380
83529
273240
511999
201351
750858
572205
311674
611500
337685
226952
491555
277319
713181
579442
600622
770532
342723
281797
949648
899518
795824
539141
161782
623941
384942
359442
646670
401920
768161
173499
637848
615754
246778
742184
849389
372007
648063
448948
247636
221036
707274
5035
115951
188485
990990
80711
260603
664066
531948
185473
71418
179560
134904
879252
220153
110317
352549
212633
923819
795216
361514
538099
231803
174059
186712
332163
889592
83285
724574
914241
432645
242498
790723
441155
862670
901599
118773
65924
113318
726219
493138
533670
2145
707868
137658
187504
382591
357942
694919
369711
55823
363373
693110
354456
227084
806273
628254
826723
903205
875650
748011
707465
422521
206737
551170
551923
249758
449941
191719
69460
594628
846129
694073
207601
384460
860381
31266
626575
766125
395348
802713
704523
299569
568625
181577
644012
442508
651232
263310
882467
854043
797560
967552
780684
143806
57989
526094
802496
494517
995072
430055
865547
58628
397008
337288
721129
349114
880893
407006
872169
994951
411983
778570
866608
176239
436724
842231
776509
181223
405755
375706
823974
389725
857440
90842
666805
396250
887481
343760
476452
641179
436735
297569
185937
231260
636636
362598
265245
612603
926667
512984
383416
744370
874209
705501
773176
431898
289523
614134
809334
520491
765538
182472
470999
2294
738587
35053
355526
871682
978548
71504
444471
361040
255340
73064
14829
646067
833673
770300
262587
414163
181809
923992
141169
966717
376325
5502
458498
652320
154712
410136
554001
43549
114760
847312
727679
597526
729739
194912
571096
998914
929139
445965
251510
174146
999853
322878
370961
443411
646545
912127
188717
371604
99367
176903
526849
889793
998569
104567
16825
347874
58280
368058
393047
89574
573496
39359
299505
524116
393218
164756
776835
558375
318950
963453
63888
170738
348598
440890
622446
573573
415696
926956
618925
449708
292168
755919
151986
925241
519351
874468
576921
280225
175212
241649
609494
246369
552922
865560
641603
30638
951364
184635
866646
763338
181135
511553
778101
226440
37368
991836
717214
395115
748528
793517
474543
849300
472494
657223
280440
682707
319484
160478
850065
501878
688958
34520
292035
966429
960970
708746
565793
459022
757006
845292
286504
86299
231469
477616
805800
666339
37835
491017
652886
185525
739159
490676
301723
455145
776426
283063
475080
915505
927807
228510
247318
364355
8262
306771
66329
756702
895860
512240
540331
637760
364758
281510
341167
441855
105625
660839
50505
461895
614454
689970
741183
13585
55667
962612
847335
118426
208134
610166
857114
223593
761920
241913
41979
977606
319044
709182
197473
146257
392061
317886
491135
275677
514260
793036
531897
394512
618573
726054
100389
544100
63514
456414
55101
18555
719756
712070
152339
977470
757521
316496
389157
520464
595723
781708
428347
840294
89414
524165
452084
53189
735666
865533
855929
927200
207154
578923
307125
623275
390943
414185
12491
300533
324344
301030
596991
448181
794112
590330
774016
309439
515943
868257
718887
180871
283817
437235
508152
810140
372819
700200
461727
78825
706732
539619
509118
101413
568607
485459
578685
120359
813707
112044
92171
927908
944881
645647
843750
805832
125630
993019
946527
234594
740886
489241
490561
887085
80188
468123
502876
298565
458706
216881
549990
177730
906881
969775
620736
198726
827838
623870
449702
870560
315699
587771
863401
316958
147790
393262
712172
410594
144864
374964
180209
24584
75416
974129
349383
227858
786292
273588
82670
355946
333523
195651
48126
970651
573880
515938
584497
493137
249788
75670
123644
242109
690516
100330
384092
516298
370551
605600
542299
564311
362941
671191
934907
703087
670897
784882
839481
901351
394553
833345
402741
982772
774445
478946
84691
528586
905455
316168
251791
435007
964421
612844
572657
566901
488274
334149
13487
808086
302526
731808
664559
19291
579093
352367
596843
63046
84006
136104
680229
87089
195072
224160
333189
786683
615358
948150
60569
850326
951076
481913
88731
341834
385638
246950
668802
497415
581499
918652
131951
465771
349946
952062
298795
332868
322431
308637
190321
265764
356931
193343
850769
914677
576106
934058
766434
581634
17407
621639
449149
286771
276834
21091
685148
823819
542243
950187
449957
644814
428968
531584
352144
235630
425993
593591
791828
886057
142530
793996
469161
141156
892672
514253
393241
606148
756236
559666
368324
477419
792453
286781
600409
882734
207811
962109
168427
423280
97870
86951
924097
340249
427267
942923
87714
630954
983421
87347
976832
810200
594371
205510
176153
446100
580665
609525
339839
867524
286997
884183
973427
421131
479556
699986
468316
987016
559350
984166
42826
808708
983973
186944
737955
939975
250762
465676
449868
518642
812835
698624
542691
847641
922146
222304
328686
510951
404909
748854
421244
580822
913085
474782
48117
638617
167277
758676
442738
288159
366945
613402
876946
903161
339879
582880
329199
295458
125552
838779
324982
255986
524196
567931
276986
605767
395496
784042
643264
541632
411868
792376
357361
931846
974069
968483
619960
377055
605390
121092
772226
653348
840275
45095
152559
356534
274204
21104
126278
84755
745713
993455
183062
360356
866524
639994
235720
739288
150373
572636
498981
458262
678440
47099
559442
865802
294930
886947
974920
106293
319143
2717
806589
276828
683234
640027
150583
212272
393478
368422
20069
784614
856243
645573
480299
541759
70365
875867
12252
215545
431617
592192
465445
279742
624067
373097
444554
54742
648829
963308
87646
326123
234981
227556
932260
315215
881471
676617
532463
124341
717917
1644
154773
42737
45194
569180
646592
62742
305735
269426
970603
70542
136427
571668
400742
232336
497965
939027
138223
274363
151596
920379
787749
590875
633399
719717
856988
909090
155082
411869
800542
314957
114163
812341
55579
581650
357715
372050
645436
641038
307985
297379
257692
631808
725571
478784
53921
648063
538078
537739
262359
60595
528348
763763
833754
114616
633677
229831
702618
428413
223773
195493
669969
962493
214440
131112
202444
401285
384345
389583
275058
490441
612090
808204
592100
56338
87017
52197
717718
811449
826162
556339
673067
691709
388100
765852
987222
449845
517383
480537
492702
463764
747554
637569
339828
475723
953158
486832
737838
151672
596895
189444
490181
957999
403142
141755
668589
400036
444044
658136
177452
798320
205674
631552
271508
22519
652373
119599
342471
800201
456404
756352
376208
956283
610949
643325
67442
466541
708882
767159
882738
571775
318851
566782
488511
613419
696063
87169
587691
522729
335481
447304
829670
688999
337183
718075
81281
207367
699635
493391
82826
496817
507857
709015
66222
153371
401666
890689
202134
345652
681070
965142
757349
402116
827751
696990
222501
885949
336456
652567
703072
28698
213094
83048
524573
128902
634791
18207
568567
818763
465389
229147
332518
158740
572749
838992
52397
337445
118226
922188
88090
923868
693058
265000
872579
831420
295457
806206
103041
569505
948529
904800
651615
748627
889688
292560
821922
324449
597677
261973
190338
457775
36678
60346
877420
6973
531670
371397
401092
711464
378427
723142
500705
212472
441500
696138
416497
797974
578959
741722
328414
251493
961304
913401
856625
905899
197037
358204
916285
9944
886342
694571
909724
721955
752557
886236
952803
938940
950360
932146
387922
296317
444655
690145
902307
958345
653134
107831
587040
674196
171150
198289
536518
41077
100256
517266
769623
468630
636954
414530
767820
58470
61186
6332
461689
804783
221074
880627
481151
161487
884279
646580
897631
940411
412121
785656
550034
733444
802769
533759
802023
998570
824445
504642
633181
903728
74659
186446
301166
718875
507106
703142
660138
813955
153598
654533
419552
484565
902452
45446
190840
409589
143652
214413
109370
11966
670089
377338
470583
751348
806226
267717
539344
886491
35156
168761
682820
373034
350738
885805
883518
970971
381614
235642
758477
350913
336324
648
883060
21672
784838
417097
433703
995498
623567
349392
260284
522092
199252
858935
629380
594714
173762
760266
208170
63652
461130
32753
474291
27002
632968
7969
677037
961491
860902
748663
18197
105104
149723
805121
289096
589262
123889
986576
117034
974835
348202
120725
49380
407
229944
789832
482035
186985
154734
547577
126672
993927
992935
746661
755109
377872
764671
688980
925235
452507
887827
762712
133188
953386
353899
624284
390950
749033
156760
225915
681637
983888
948987
791208
870444
979203
561625
566659
386512
612680
14897
584341
972413
508655
820191
329164
310261
323351
308308
685232
852286
953583
792855
876431
211404
507919
431678
265200
651524
623072
908048
795375
234432
299670
139173
341271
586850
456316
890772
967211
617322
319664
504164
824474
707725
108600
501392
569607
295785
518483
351589
639096
729336
335219
31584
271317
23231
188997
982118
146900
33582
125550
69861
279483
618593
665894
771705
461536
160277
922800
168691
846572
642579
44386
293340
809400
702730
669381
624261
786776
195592
514195
398375
464023
642693
50693
991221
535215
15142
767113
871426
473088
835289
822355
414018
973346
850218
217452
47813
993058
854946
159951
500696
544289
177572
682366
464675
370533
996952
16173
498853
118406
976381
664692
23364
107331
755457
836769
270222
133204
475465
607656
731216
88283
334498
916666
830460
565398
201541
996127
895350
642658
21811
96180
415380
845204
809283
468324
772003
715954
106481
512096
638343
839438
788509
266354
454419
323078
515741
476
875980
304271
958883
226253
246474
139082
236199
565780
668227
414355
767512
173070
102374
190232
341251
362680
863793
437864
573179
417547
936245
732566
30959
376644
823185
530712
239555
884591
603848
234989
675219
184773
511104
687468
890295
238772
784540
676096
289674
335462
135070
951927
70645
50810
473271
47417
273207
539403
375575
640072
803737
344516
854890
141426
416903
203802
780609
456570
361797
577922
603682
12516
751687
879978
961145
447245
420105
375835
147146
214873
119885
769049
21995
429049
995834
165082
225452
56145
464097
307874
472845
150812
478761
677736
889784
158811
187575
710611
402056
478546
853335
90235
988118
775030
296533
252723
980662
804692
549194
823378
337716
205719
569523
765684
920061
140147
616918
731707
551784
136538
956573
704423
877443
953648
451812
983835
954350
590079
660506
38325
100857
270666
368890
30589
399747
550754
893842
89905
756676
706005
739045
113060
531714
182887
892566
113518
89312
308131
826414
102890
594810
476050
271725
223964
631540
139091
277634
527406
822394
975668
457022
426184
957814
833083
475413
186736
921677
301662
10168
851863
967038
908077
362039
921355
595520
541222
89698
178054
553193
548534
675228
837310
344505
166010
987073
102397
777800
255968
605619
728608
267163
617904
664619
890410
119638
18157
980930
558772
583743
434562
132595
287459
299786
320071
201788
760416
942333
936153
675666
402902
232118
624141
22819
500750
421385
700072
664025
533791
162350
865715
990021
332437
154528
112025
287922
854232
817797
103958
427349
430972
847227
660729
485798
4601
466403
388578
576165
264955
139081
116213
380204
177377
55029
352296
212400
301554
519128
87626
234934
832007
471841
445351
851383
49507
548760
439886
956756
456654
666736
589743
786015
606283
689720
758884
563547
359439
227663
131047
980858
275725
263514
240585
696651
147183
44489
467971
878021
788181
258099
186749
734843
862986
361371
253834
523161
426169
488897
12328
706174
215470
554616
15480
757643
675142
5417
985095
421312
787026
818605
889014
803844
408033
716543
343982
277404
391377
467655
134872
581925
620541
68656
232301
739477
117201
116868
509231
251219
640628
202171
316678
564884
155615
100818
747451
143272
472501
957923
680877
409722
710691
408518
616710
960568
792598
640920
718458
467762
850132
704156
701134
303752
144311
83472
188838
711922
913098
677425
751099
267629
307243
716403
365562
243179
584950
568813
203572
744160
942162
900423
444858
174688
746382
998587
404385
568251
536555
322239
250543
875057
549677
406169
521264
523795
925099
180760
469589
88476
168226
624534
727637
792876
797538
136007
280573
652822
149007
715120
690172
211979
619335
207396
368326
243877
267222
49936
224758
67542
910957
711284
232528
728541
491133
464553
282812
386598
502320
347315
303601
116734
670868
953755
967520
812732
880981
27486
109071
147542
231601
342015
411597
115521
854988
243611
938062
274239
737167
9663
956303
276974
971412
258008
391298
714575
784683
48229
575459
211627
561563
873305
268222
953127
235680
95749
209889
725830
799584
812280
340900
97494
765774
101501
159158
905110
806207
897905
978848
982575
894314
300886
923873
268231
435497
713727
764638
87764
640204
600955
784813
986440
527095
394730
857916
862668
338967
792869
792651
87616
743342
887267
959357
904992
363799
795980
270757
760159
395982
641512
350154
806610
10724
414145
583389
625443
509884
911214
452290
954106
737730
26108
762192
928259
667295
4726
318160
121398
199508
894265
691966
578953
982848
760883
692436
289652
220289
872103
386645
313028
565877
383069
255676
688207
784770
143026
858783
945885
269965
314783
88536
178544
380481
935933
989357
96421
318767
231043
639853
121371
809345
30199
765313
631301
788060
757839
795733
540153
707959
239130
352129
100209
105544
280481
787526
233317
878297
34441
265064
471111
297138
152436
707109
711470
535550
866031
204198
82296
277075
593863
103820
446359
980704
698652
243647
117333
821837
974187
512907
666532
594287
9159
418788
363570
761410
985440
821987
16969
192256
412804
162159
495605
124377
68045
103995
69505
530282
809864
98518
17451
362765
434116
724886
953111
253782
296770
182376
296900
136375
232723
587505
415638
46158
734765
419841
987781
771899
928927
235454
999343
219753
375587
522572
995443
690720
786774
447364
447161
247027
704043
586898
427851
545019
341579
204852
140229
950679
616239
998170
693235
337835
30018
682836
337735
418675
454168
66583
982546
217068
746144
150621
591762
346141
405675
656716
642320
231270
922065
980179
295945
943575
183758
962523
667656
259709
305752
510019
561954
289682
703671
677037
104429
202862
979206
899940
398278
422241
858765
224780
167697
940809
917398
519057
443484
89298
105455
537211
797658
116901
702278
966071
851995
41532
256045
475174
84259
968100
717519
874958
9625
936557
447482
131486
732884
911204
370568
267918
457952
945403
407149
838082
685381
215379
972802
46282
399766
195331
26932
430013
925619
158231
277559
544177
179929
656518
476875
477610
224625
580999
130628
138810
925845
619575
488062
62884
852208
640312
39516
32408
351328
564977
563478
290045
537240
481720
742732
145241
975569
312425
825095
694006
542225
406927
206814
807560
630301
274813
793713
52032
124004
436626
799772
118235
301319
291201
819428
518482
12700
425028
302186
504455
719317
41468
938700
29151
726409
929277
833743
593530
64928
709609
260207
217198
223817
515602
324042
600719
783269
275737
353126
758153
355496
281859
694005
668423
107776
443510
698683
442477
286743
480970
877718
636416
796636
607487
483114
722643
841918
462836
715276
760063
505709
682201
417983
498633
870931
656755
682108
502394
779692
536000
202961
191491
606795
837575
992292
689016
171928
996582
444123
811078
870450
436528
160281
200576
992148
657234
444584
601085
539453
727161
526159
15577
80807
749741
347203
930815
459326
540766
220886
25281
865485
736001
47793
437905
855988
503025
751007
487510
803298
77763
300056
379150
708672
717448
736506
815898
170681
904674
318229
459650
958918
268978
73046
952034
206894
903127
106961
27033
680906
693778
969489
121733
788581
115840
850697
873775
226864
960586
416536
731829
693480
187405
477355
863824
632428
484539
69483
186163
75084
956943
277703
336068
936913
66775
757973
831917
460989
771861
69000
213906
824256
657110
191632
48680
659330
543392
547527
885939
28560
401477
979173
68934
176680
29032
668988
807989
185354
496592
195814
790213
830672
55676
128160
865089
221110
378511
226176
269082
713212
485464
241346
203062
271318
947157
42185
573850
841631
287478
223001
943350
312825
368044
291729
851263
640275
319784
263808
612449
41675
165264
161711
319559
957219
675526
344660
496328
211589
374121
763374
469373
211858
177388
77524
468836
856997
792908
966988
623633
450168
721924
317992
558689
975671
30013
79324
243083
157007
814914
189097
913245
804040
365364
18006
926791
922425
692920
815588
758299
401506
550844
724227
691229
267510
198317
739411
462226
803986
789737
736344
104979
833670
718453
853643
872740
992351
30142
411256
141839
420730
946467
556733
507994
900388
163590
865502
835023
364923
192542
671694
416354
588951
29256
10534
721944
247004
660151
846890
18039
90093
446494
813859
737195
782477
758377
322079
246994
958324
768343
63395
46986
926330
991845
922917
966832
734140
991853
63181
581308
372849
718712
191112
865530
318222
373993
322165
994294
347766
828931
607174
889432
731863
948717
298757
712724
252459
2766
253601
836313
974417
701374
436247
264294
557460
389929
218681
143215
786900
285768
922729
958219
641888
131347
371813
850352
212779
486880
248700
183960
154093
100719
629933
735612
340057
714914
2726
693199
26921
536282
278978
779235
446761
647627
292519
209328
531961
247348
46302
153187
430881
371643
158499
144500
465127
854944
568145
452085
141366
820355
542560
537761
226152
16277
640366
492591
338795
808487
598490
465893
411999
276048
274258
189370
826155
686611
194576
89808
741222
972970
196046
852808
683512
854314
937129
580364
114319
1006
590637
237621
460266
478522
868833
978509
565167
400280
62505
63749
590483
384934
683610
921209
436900
392012
706774
926074
284984
922124
954135
857730
739357
673356
228875
147341
867864
704605
35890
480105
887893
276446
692396
451298
256294
356579
317591
895716
5229
201816
713375
233459
394104
860377
281526
753364
664888
84064
6068
608185
674024
881666
952634
448792
602607
194977
627988
781083
552508
808132
773564
856189
402336
761362
355408
534496
357361
260749
351785
233296
174306
978324
480853
218429
395413
62931
277132
764574
108639
318013
998576
747437
939550
608330
874286
411650
55465
638893
189484
968508
863476
809895
888448
873835
434271
709960
707443
61116
630764
441690
657568
146980
701755
551464
404362
229649
622116
692034
925428
272394
824334
181004
981216
571454
218577
587735
628422
761916
292787
740353
569427
694036
971792
230883
546401
866316
71961
543344
915917
123072
816799
969325
172211
205066
259066
625916
359045
513106
128996
328012
697794
471670
235661
475842
979939
947021
704174
900729
499304
606608
332777
190179
236602
719452
900703
623290
878727
808447
581060
97411
379291
354687
730254
303582
898712
813688
48403
303946
847258
280362
994349
750362
865639
237545
789761
757100
298562
672332
138883
79390
985801
772954
696378
673553
635926
673360
667765
615
376454
769317
130998
631353
162765
943972
520471
89922
578794
263765
35702
387844
429165
26917
193585
965043
474402
395559
856997
774959
274405
293612
644471
702118
306835
117628
291793
215548
40872
705466
515745
275014
928010
839778
110407
880896
47572
938369
718659
780248
899119
21934
368391
355453
40290
204063
592403
783827
624897
32788
433143
442583
252073
471830
691260
13370
412241
958051
659069
744011
464366
417450
637925
563087
697988
303870
764554
228401
192799
796470
430715
685933
76219
144812
215808
337517
323371
855668
64725
474633
249268
883923
695473
153014
106038
675712
522254
882669
133169
980898
25205
269927
933398
931314
634010
13851
949043
683360
681755
623487
648441
931938
924131
338933
284006
38809
284052
65633
596828
90784
973891
670570
663682
602864
687592
874632
744106
438054
397356
35198
599266
142614
325373
47564
888317
592650
624484
740298
704217
830254
639890
693363
481121
592518
271494
626254
633980
735139
629118
56378
671789
409929
893647
886520
521187
786751
946499
351556
312415
707280
927726
333605
663409
274346
385991
413018
142676
326002
534734
484665
185938
925624
387507
266364
627070
237811
592046
279634
546739
649492
708678
704336
664386
790625
51127
353742
403829
826095
425488
418848
610138
358996
723694
288371
871013
583189
170558
94186
437723
609175
437763
175534
227362
56965
946113
180368
577487
101820
311298
635973
497421
289146
410743
944636
803042
963338
924906
846377
788484
233992
94328
421536
722288
13648
385596
813212
33348
262269
905831
271523
680450
827959
526363
175833
663215
210953
578459
46930
23727
383185
327149
190447
728780
230492
882886
65779
76797
325508
747539
370698
670489
506467
249841
488082
303134
934690
623890
652993
199876
493484
979137
438959
644395
588273
885524
145611
314607
38819
169576
968750
793607
712578
503052
501201
564584
202197
650480
143000
147774
190685
728782
111072
419636
288715
785408
818146
45289
757425
399746
301150
155893
777549
174717
438440
584846
923364
211222
361935
721841
985161
282407
819090
832138
956923
931651
926058
876221
579635
218617
110400
858025
562867
99100
960548
630331
99649
34685
676819
956321
284532
593992
704090
809193
774256
694362
109072
703427
354564
385331
475866
648921
729636
179117
742492
50065
160879
130845
444608
234806
599708
424899
838687
405952
628219
93554
895743
701375
150456
830861
411970
482265
523890
873190
644890
145673
938837
520687
910102
71241
198763
788719
27223
259182
443739
385257
598657
125505
676093
340362
725143
211925
277062
905316
213471
44466
44681
127122
842792
883121
825940
921996
292130
988025
359253
985893
923305
313840
332346
862941
463509
351823
517032
141669
304534
642084
815938
616935
918020
824696
196415
244405
807267
904651
532565
283038
983449
634267
930791
679592
741788
820513
754623
345215
982845
897886
861039
439062
512759
70250
787145
876385
989536
564150
18232
894800
8216
765354
218608
151547
942602
33031
352714
408993
311136
111206
572178
269912
228001
703581
177901
176885
399937
653861
119700
680090
235794
432542
318479
618811
946042
769899
842544
930704
457241
957138
646486
263909
616930
213183
47032
819155
753095
408439
927207
352524
152611
268768
398427