310675
722940
583976
817569
507003
461847
987873
118565
576779
667685
814082
924010
424318
230652
138453
131284
31970
383040
636331
160411
610935
95927
726794
735506
475118
525962
723875
598127
155177
958832
490568
139380
733055
583387
227482
8056
54619
502792
646777
644572
448209
462021
123936
378945
437231
419158
373191
148965
517174
554243
104573
866680
858705
193112
79763
842558
617803
155949
255647
642943
5682
474005
485361
309054
901377
867928
682675
25750
267580
272198
259414
261566
679858
504347
239079
697453
325487
612473
361865
688627
380231
401881
386273
535942
969264
252369
400351
692845
60574
27493
209983
393039
164026
505845
964604
494111
340140
306799
327062
397422
5682
8056