376441
775912
337701
989374
282216
773395
520517
676266
881531
400629
102389
120652
156232
839719
891380
717090
176885
82344
684466
197537
988474
510770
601292
901541
606716
131366
811291
281248
109765
819166
914489
890318
965286
812825
353312
792426
517035
436326
24798
703207
556654
371655
820926
291506
806261
308870
986352
506706
732243
139945
745989
541767
370577
50288
493664
406588
801899
547606
594915
89630
291945
90336
254878
973634
802320
877674
142139
317325
881521
47228
485112
729059
986525
41363
577472
322511
419621
291364
743476
748315
76790
153399
555489
99260
691062
152799
52602
802714
428823
288799
945188
927243
179570
280527
856312
949297
645869
223920
637030
13446
767775
442236
970762
812448
877539
440528
585908
943876
85466
162351
203339
989642
851401
435319
33135
693513
520523
41998
306812
87701
513003
630752
280150
519984
583827
571880
481455
89178
384710
846453
465138
808521
497687
132349
53829
963874
133987
282751
422658
629468
62223
679098
768824
626844
169873
173879
429552
610917
844695
87726
293844
122439
981809
173754
902182
71241
707478
574011
523541
508202
869447
808470
448294
311928
533127
354288
535394
761890
792397
298936
264842
447199
775106
162915
696873
676688
824635
714243
628864
313170
30426
587877
291969
622901
985161
764665
220733
657298
721134
925800
779830
249916
49423
828164
585672
519645
554540
952156
571911
945330
747641
423599
689629
417870
732984
928299
140864
100980
194339
819592
114914
926373
734228
640424
927661
78541
826836
910351
18419
244276
684823
955178
431510
808312
476208
533496
618664
479358
960187
96654
101402
256217
39092
257678
747509
44068
382564
949277
67453
996970
728837
387475
209519
304314
433943
315800
503621
906488
527029
610970
595254
984412
913932
117402
25376
118705
589545
133151
814550
414199
334761
700258
348969
774011
121934
67748
75235
702298
97835
604012
392535
247359
649422
875293
896010
319127
512637
484598
785382
230493
446463
114748
176257
534046
428141
150772
14124
864075
568514
812928
62254
843327
767608
163737
951399
609484
848460
736516
264015
162474
795105
305256
993300
143105
371492
282695
90406
247639
578182
653251
706380
119196
16150
646576
871686
3863
949340
242326
256111
123963
617314
139015
356579
572034
96871
52848
677972
803143
668292
408800
86909
599919
450142
917256
712173
979606
195198
519244
900122
741222
609953
404284
720058
942560
967273
785617
387243
523661
793362
167564
341087
897943
91705
822137
282353
97744
738149
123634
752092
866014
320245
461901
344818
885585
366521
668182
507250
178745
207116
796433
10728
503174
362582
472916
422513
271803
951031
960963
654149
142131
180978
627739
372555
421768
928480
506988
826238
266915
656423
356819
794929
45899
811598
446006
712559
129655
726258
563275
260565
777423
634906
870657
44199
796590
242467
226442
989267
426457
637985
302617
90706
242799
336278
633557
386831
641958
810644
807218
635715
601201
302826
484028
742758
150388
530820
723924
99378
615840
92711
460715
22328
774385
66279
914297
357904
104092
530672
244757
257567
242805
775592
32575
132001
4609
135676
656802
518133
151698
663143
138486
545212
597947
122654
457431
151862
869173
900821
786047
803465
97774
14242
609355
315771
867347
99603
702396
567010
29265
799920
155970
142635
551490
580879
404464
900594
121181
473395
203416
579554
495045
296389
589174
480758
996670
56432
662727
16750
62220
437441
885995
555089
179111
952159
392999
675069
31672
695075
564040
607132
168616
992447
199670
409903
598606
704652
426211
347521
428171
404718
591963
471140
593091
291774
139969
901416
67357
319766
118361
991275
593400
902228
814333
746289
550169
684611
244081
175024
435440
895420
765871
501584
60780
260123
82525
344080
407079
853848
416404
208156
652136
495552
37335
619355
951725
707419
860480
792791
958456
45564
734682
992892
883565
703329
577984
157322
645400
749990
574592
196536
416458
812615
413020
729302
913136
897375
564038
237489
722593
68073
567790
462780
586148
581759
813371
294416
932847
910273
391195
487492
780634
69508
816082
176693
575270
85929
315842
973179
799287
785667
401801
294556
872409
939346
16622
630353
295235
202185
18164
584933
377346
775642
43271
751176
828079
957374
951043
25301
140379
307050
886521
436780
972393
924856
151851
713378
998283
74687
569477
402626
65495
653040
310526
166078
553143
263017
324339
186940
112839
874618
74295
44762
459603
902126
369095
591850
276791
628103
291547
340078
325173
599148
351856
973542
226401
367567
721700
752399
186027
388900
782805
337496
31817
976035
351290
446814
597252
52536
291260
474202
22780
276188
691896
972891
87901
938560
513582
1967
130609
618334
247833
743645
879471
916809
518061
594339
865194
684023
870176
395432
376398
881034
477758
778378
152577
108977
242722
307762
589149
749490
579711
162735
257376
806530
2257
578989
65064
685553
677405
643815
284680
706786
236834
792130
543541
772159
775111
169766
597526
477505
344579
142939
802751
905653
435482
548791
457250
587944
279904
618660
857291
456897
310180
815066
961673
90396
355691
705314
951469
101418
997632
789680
759102
614449
722005
751656
630956
356556
908326
655384
763371
836424
154939
92890
592116
254977
452098
849959
420556
560059
449040
922893
840923
149192
738141
787793
311777
261565
586542
207775
983879
304096
999630
653591
176527
123731
4206
45618
818529
606294
453557
698784
689560
619814
38936
825549
486825
228329
445386
347166
405904
66375
391658
99169
162954
127677
995278
142813
635186
328302
562809
995839
666515
278759
872919
834067
889989
485430
28513
986840
324979
67159
245130
426669
492582
858273
906973
163785
934238
49168
756480
644800
931213
516606
528103
412735
549114
793813
765897
387848
888329
161172
933197
858073
891300
993295
725982
486353
274614
646055
975250
216763
405438
233186
533866
981077
715396
36577
749926
399625
833876
199480
644503
822744
29288
450899
514326
624121
697532
668633
699358
937339
584884
419997
974441
698053
564165
475765
649176
596390
708030
866506
930277
792666
507740
206305
952095
980173
315161
874292
200150
761359
361138
310445
599612
413077
535115
101604
57963
622764
166132
977450
345020
966698
749793
583738
58467
363028
51709
583717
100817
271273
526035
756082
270482
758561
286701
247329
763290
518154
993459
901665
256898
713856
453054
326819
131874
703003
291415
422774
243406
710802
472823
543484
489207
428100
410036
138482
708730
90797
7648
563731
73625
568428
56698
416575
662504
18620
838153
418599
489619
862454
966586
245777
46468
869693
774422
602074
393552
71210
368230
120967
294909
574903
521868
12219
886707
408475
303276
650267
364293
911684
411292
718154
523791
319395
758000
543302
942085
620167
6816
812914
207478
124296
911852
270792
435820
761269
58062
712489
812275
8419
285696
906878
533095
186159
56392
884604
879921
828930
228937
621506
966528
327703
127239
118630
582389
157150
273827
836186
626133
440158
585546
738344
138754
661715
78122
257685
300373
186901
330640
370966
420967
687690
369552
534520
293186
387609
258845
772370
9620
199802
612090
850707
213879
394895
723578
629873
931479
490616
820962
838974
495058
63513
846976
741226
205357
726335
136897
599394
471596
429023
951995
855011
174427
760031
535766
678100
905826
392981
583009
953190
693987
224279
482215
635786
458981
788016
682602
170543
355107
288623
146947
373919
183831
806572
138375
30419
801937
964066
901846
909991
963328
127845
583008
244638
769546
712307
309929
636613
524369
176292
876582
165439
527636
302980
416986
694425
212027
508000
391149
9219
909460
313339
577418
815653
609061
425893
426993
5923
535692
840954
192704
149092
322708
538138
351271
13472
609442
219457
341729
616366
669506
853932
176358
346648
396696
788580
661243
388820
328367
479711
632320
396787
590521
574175
342379
340756
728109
80145
707738
471547
147131
473830
696207
606983
77124
289686
215359
73118
402363
112771
562368
585773
343432
543033
908764
389565
776317
892328
698699
344616
723760
553697
225690
265367
709103
896906
166621
102374
93389
278686
544938
284208
719581
364447
340054
313958
718754
846597
797317
521691
381253
950318
110556
396216
856843
595605
542823
18262
305700
10688
202389
969135
471288
529113
849828
195925
560135
577965
657133
872432
204136
944130
900661
222066
800269
264345
8091
141567
976321
465645
326690
32430
503542
405680
238394
778759
568559
560837
653841
303733
688900
178317
389194
593584
537540
213310
398820
623335
878186
328969
895637
483919
761293
107812
534248
752624
932837
474349
872210
228894
196992
511724
205288
222317
492122
878090
198083
369610
576929
929002
771121
294022
417333
702147
306047
427729
347956
514645
146063
655609
882503
789485
96293
517991
895319
9286
204342
224320
605632
779932
885104
783738
472133
971392
756000
157853
525737
707964
464334
505174
625762
289415
38538
26667
899871
940963
502242
449720
436808
781468
79890
139991
50648
640706
997444
612203
288598
945788
760553
622026
95735
923198
917588
501339
586500
304202
827050
341727
388208
257541
785874
750189
948336
60609
366819
139638
290538
864789
102880
437828
126723
386130
761394
13606
560361
746553
620333
477076
46103
900115
896189
302464
759201
83446
122716
713313
377547
834716
552636
138783
983829
597155
839629
233614
634815
287719
954679
802618
575725
780628
618262
613758
25709
394888
838517
270155
627039
672172
739201
628428
201490
30163
7881
732186
150733
254056
351268
402843
107350
545669
909459
128359
281289
456569
53348
546980
562968
119622
415215
197631
461235
323492
532189
345208
201991
502710
790377
834966
597543
108989
505019
272903
884394
93385
947241
608593
282412
375124
342592
596921
339656
851145
25105
5172
198618
566805
209807
806263
425244
762448
586743
636292
800445
400939
961978
385815
936926
199327
382316
585985
451487
925578
657314
215199
450291
178327
781490
513902
788166
275706
994776
988407
838580
396986
776329
471860
615720
304263
778687
461091
142257
112639
609749
344545
776384
992894
736288
289324
549083
507684
840985
202252
542525
114552
356995
54398
969441
516264
811994
189220
308381
312538
56598
32329
58647
114596
486207
180265
161839
641538
437910
446766
404668
12688
332643
854323
599010
952655
931357
509566
8624
826686
97818
109081
905588
333553
72578
343769
1921
171801
165466
150332
554522
349682
901594
550479
844136
732227
162219
607992
654893
161184
900898
10852
747584
294865
632103
874007
146153
391343
833060
140670
891065
134563
734781
819540
170240
150073
13592
89147
889076
976113
243680
705190
942634
808134
847178
156237
237217
541744
759228
906020
143226
292495
300088
34710
74202
317992
244904
779892
564439
35917
8509
343727
998236
460910
929172
753680
468467
861651
860748
660884
905618
373523
668350
374670
150797
989795
364445
731120
569592
834297
225673
937461
224309
364834
691688
174927
385310
50330
344362
64899
657019
335321
772431
637968
655790
440672
489198
902299
387322
292836
776279
109626
497378
639971
97340
264881
966226
108556
781478
795345
152162
463923
6470
93421
480920
839754
140938
857979
280062
321905
661972
255337
182103
555277
367644
433000
660863
273217
202824
393857
72146
935170
672727
381307
839851
230586
894733
105504
499682
786445
226278
284589
262259
145418
862578
937584
236566
145812
132746
461258
841178
68876
716963
210698
983739
901566
231726
494305
48622
299372
47497
230347
403192
532672
152494
373344
377395
889834
764950
574272
533768
812974
149247
865435
52431
933866
511357
816188
117196
825506
862988
886207
264897
24016
843769
625760
700355
929697
378506
829450
621828
312697
141979
292377
837221
141479
805842
796138
453514
852692
523654
121537
557722
489895
94346
593320
661492
144679
434356
8885
777845
950940
964730
650471
34415
305206
952572
750451
943745
560010
816970
640373
394240
740187
136471
309137
713932
789770
802750
364313
645873
989648
344379
929236
559264
483072
636544
342432
510380
431569
105068
572523
82246
380758
277066
847415
582171
8127
313073
356835
75115
56906
486203
10539
775556
564598
277844
627243
563567
848716
909117
626314
900952
140819
101641
926659
262181
467669
67790
796473
215782
919262
280072
672567
615141
34099
640038
192610
440856
659488
618794
400975
964395
931933
128918
452473
914379
355662
492640
742763
782812
205910
245934
977241
388668
168048
118026
905093
426569
84032
843768
59428
372991
118301
293551
307603
542694
104106
473141
79073
283424
543600
197912
751840
14659
258987
484595
652359
63760
488606
202170
59777
218571
96749
961607
56709
428033
543427
153857
658273
480773
584030
966805
698538
62282
59379
711493
631268
378569
728796
532015
167008
960975
322079
545655
376087
831503
816980
789489
338643
49227
400047
730058
284621
891479
723210
504699
466003
241991
315436
416635
217089
950962
600998
270899
349161
898010
711837
660021
407878
288292
759003
240266
355611
194775
634987
854350
631692
234328
620144
278584
586337
140393
988491
4546
229901
136123
780080
774210
978426
565400
209399
712761
545015
101758
516209
505670
505219
649899
897191
391176
587881
456392
177420
47347
12967
94997
948239
634111
204549
737735
731099
406670
259102
544675
209928
111224
424605
430827
210221
275248
742809
49020
466663
916294
151810
355370
785677
772449
389079
198015
889317
155836
299860
881156
398389
987768
955676
112518
237832
247699
680408
852231
458331
609450
584512
529349
583469
424851
137103
302117
687318
939064
56224
641236
186315
808588
151888
841177
565636
521317
946860
509791
685866
681419
223580
201498
53451
968012
227929
682183
880702
513759
185461
362837
81814
172118
688858
310360
715572
464756
260101
872951
537201
398611
983776
898360
326981
887655
944668
971520
756764
681366
726351
463367
621765
572165
116652
383653
229357
141186
795965
576222
254676
715915
751317
932095
727741
777594
521822
691484
260613
126297
802278
153561
251176
958260
280962
789032
528929
172596
598689
606760
46975
768473
626618
714482
495925
741587
244831
655553
756291
490949
17914
910522
239048
482757
381512
910360
974376
262169
56281
205974
916884
371127
921881
21506
793725
597648
627084
925642
76770
105820
278663
619560
210669
348358
464977
832764
318873
228755
260340
925465
176044
813260
797420
846160
402407
157873
897976
954217
63041
343297
94416
612296
203456
996979
585322
775267
272194
900147
866865
19019
902645
967526
256351
137088
245611
167406
305248
644959
630081
815199
818336
726565
945691
498123
680089
384328
788647
799154
267164
271039
336130
751811
640585
80150
298969
184398
191122
829906
342118
969407
614261
978067
504485
235363
144008
888062
271297
38059
193349
8972
419678
711868
489686
586506
630474
356962
203191
71246
551365
851369
772658
919520
973196
745529
520853
484274
815544
603298
986012
921556
776000
453712
548217
393238
306639
610313
882007
220333
831289
705663
309746
590051
697479
8124
954065
695516
543703
734564
82278
695844
420307
353812
205686
323333
447234
982521
431739
239072
628479
992246
396222
98723
64959
4022
882751
89248
705558
23749
234709
69344
186362
954979
518701
602671
82200
203362
692180
988999
600664
248396
443033
255471
771296
119503
453061
538150
576232
735432
372732
103508
76785
921345
327713
290894
303457
184547
62180
902405
572304
294790
552199
263269
703882
925388
346227
436254
958555
405500
734658
475188
127502
132384
216256
774371
222091
74481
662671
38116
312425
883503
651288
863295
408334
483030
18868
735894
84430
14956
853525
534012
90170
536854
1473
322112
759254
250968
151975
686617
804332
418445
355248
93393
903658
112894
791658
587649
629459
594824
954787
9544
769848
194154
131601
286872
640464
257186
41496
558115
401114
205731
27900
370187
508322
21302
90623
733083
194865
819902
836692
276380
806450
196531
307008
182339
532086
466601
472459
611652
405020
781005
555632
558703
755163
319367
548589
689808
108914
884830
570479
527064
969705
488722
144009
188937
66128
132570
677338
301942
710203
108234
328637
748722
328756
371090
861839
500142
345934
910314
829873
847800
740758
990320
7611
81607
497877
235879
509891
588877
786315
359465
146472
737402
304847
777060
430001
550179
468839
78157
773269
175825
485560
713770
456534
412199
112738
394225
377282
981417
77705
540404
458849
283614
967684
537044
420822
667911
740271
83302
148477
465263
293624
880996
387007
891144
901196
711543
41691
930451
245506
241635
56600
178124
394561
288914
645288
527037
31055
437963
65574
676705
480665
835281
663571
602882
741822
763046
731855
171586
502135
494951
892734
239360
437979
696760
820629
374780
619049
936952
858559
534217
618456
629316
287225
930412
637067
257853
689696
803274
652417
336977
103411
397579
3938
107102
533051
535205
774527
787329
701191
296422
904316
837681
714054
425820
564206
652570
169504
742093
526352
639487
813336
912165
997114
842302
112208
555603
503706
251013
521562
840248
368859
574245
812890
494577
336675
178029
753845
602467
596968
682782
209001
162765
51199
584574
217057
194271
616917
454819
32263
1300
789052
635460
810639
1465
357823
454267
356591
17945
375023
463984
844785
141772
786066
118358
914719
864826
471025
843277
351105
4955
704748
148650
927836
501728
65065
577651
67374
88098
565953
166512
273436
633958
759609
422177
160400
512446
347145
591622
918897
454097
208742
372524
136591
655377
59724
775649
76146
684873
951350
127281
648374
575119
796330
261260
550354
970917
167550
496322
751265
548929
200977
917406
743055
226799
234276
507762
36012
464225
610886
217779
577644
390919
275930
48385
767264
287035
343746
328246
952117
261871
585715
471045
746492
633287
89574
724448
80697
877772
116425
834727
244380
509722
984284
877337
263546
938222
119047
524904
316510
607219
49951
626806
575091
316928
169055
400612
178435
206604
943052
369516
783248
367295
233746
88928
430468
613235
84524
925016
351330
637806
466639
46807
45302
24042
659706
653983
178461
118025
590621
717989
381234
689461
990796
28696
679111
78437
985250
729474
100947
832725
99741
729286
990090
990971
222674
89114
290449
773942
5143
25899
801569
406704
230645
48022
666907
898254
650396
159201
405218
510831
960095
143493
129471
791840
127788
668536
629277
686334
137300
456239
948000
884755
9575
413398
65801
432705
222622
730544
595857
621034
466353
918823
36385
665574
49073
885840
779932
781381
536487
283987
265115
376286
449839
984067
655697
237772
181050
46369
132160
942219
532481
370769
424815
313558
691577
121684
922146
148331
611547
844964
477920
809315
927971
715324
689244
323593
837411
903754
159668
387661
200419
818236
718409
871342
860101
583481
173228
977379
188730
389244
39721
477166
242419
946421
347822
597853
160918
781343
827140
499367
58013
123884
830529
855409
127043
400764
856052
70854
631057
866489
550582
379853
429990
24713
566139
241328
831581
263237
250338
140519
833789
336051
57702
849559
611159
54947
260039
311664
35081
658679
476252
109162
849410
563432
941863
427361
917961
900618
415222
27441
774460
420504
317981
570884
966424
856393
352322
829283
506572
727278
831562
694892
862355
614417
518977
753544
154350
221881
298969
635932
481862
390381
531681
518445
689327
815950
344642
38886
256952
378374
251511
567275
188287
235882
629978
904836
844029
484058
353950
558630
337920
290224
669869
468344
811001
679948
958068
925610
185242
726691
779869
422152
547717
88720
219457
358613
878687
99206
61832
321642
546544
962674
941283
324240
356696
371968
438880
365914
812913
993841
108620
39265
487453
675215
393051
914425
318250
937938
31078
448003
407985
642638
864388
903212
355445
427923
141054
635646
627143
505666
72684
263860
801301
905248
725605
880088
611536
218952
519012
481618
253078
897183
510705
486687
656921
400233
553004
329848
55707
904668
515189
277615
445300
61598
137839
178238
723713
107650
675192
561791
196568
556561
436079
895559
30810
4489
434248
693125
386543
898688
283875
374457
380160
990890
389991
115789
63954
293274
382838
551054
505353
112045
508293
390640
979512
847365
307198
229669
550954
170603
797284
224496
675223
864210
787788
993283
301109
521186
526130
145623
594844
142144
888373
480805
826633
604755
136290
860221
581797
134820
636693
24708
415930
116157
430488
19179
417004
736507
350118
573698
357835
430717
50814
715151
625007
399604
545839
659502
346976
191256
672958
112780
268652
794150
791024
848843
254077
4311
764799
986093
701915
667475
857152
728048
592740
848372
473962
950108
584403
146867
142730
8238
876271
42643
816856
367580
59997
733100
292553
782988
805480
697483
38827
871404
518032
401937
515258
771249
487006
658682
850969
148338
54761
733271
263004
145199
3628
793754
636721
104835
403867
580404
665241
830306
583409
686559
253545
841928
191406
245594
351082
747514
190953
664338
156025
724859
988055
211968
12543
316657
66011
477176
660833
908837
316455
638281
203919
334139
99437
948741
491181
910375
807011
192948
819731
61326
394263
513534
214661
359314
579969
740054
198880
277494
616704
869838
820103
176462
866214
329795
344361
892196
603468
632143
693123
806077
604663
978375
390778
67988
44875
330236
634992
211077
777826
82738
583619
90377
503827
623056
604221
845639
914119
777140
205045
782089
485540
800691
339492
695090
126633
492636
633761
803900
892920
488257
358279
547266
127256
527512
655998
534214
926132
798245
555047
539216
359497
995878
718581
882872
844647
718156
743798
780703
614022
235818
47822
695954
454570
730691
442154
944489
828252
565008
234109
358144
718413
122654
704783
619058
467962
451900
447071
427339
4705
991209
571150
694800
94023
720126
69495
131226
830068
130569
968323
179517
389434
309731
465332
638145
732783
624837
758098
538777
72495
97029
458877
445349
537828
420532
733581
69662
935532
442644
418232
156641
666772
188426
432664
405091
669389
677242
975808
738652
762679
370258
633146
505150
417038
194596
529544
705432
111227
829520
428034
101458
169531
46409
647788
978168
325231
410709
761619
354123
500615
48311
494925
683776
652304
276760
401312
99638
281324
225305
307980
991390
82772
692535
693292
10607
583678
821697
577566
624007
554896
585909
160016
200316
284659
839372
737162
451598
333468
657769
501875
393248
260274
850684
466187
155535
410956
766059
253103
658732
383692
243698
851581
696583
541962
450192
380673
78527
630881
585158
946409
114676
776243
252840
442239
426546
17676
637128
586259
382748
35277
264567
839158
999444
796392
74429
409314
163283
613994
754361
333336
497666
125139
417716
747867
517324
862597
544166
711274
137035
549228
671950
258718
567091
288765
31706
666193
680388
615185
305063
357421
751050
57609
541864
333698
381391
235803
914093
348336
390511
32965
775773
97419
930966
893538
481480
261752
145553
560891
882858
634561
757334
545276
569302
779384
106504
925765
673745
446465
231688
213654
215306
652636
338042
353206
514164
396708
602558
82918
164854
754839
279295
43701
620754
825603
171757
486465
63936
936588
967945
470831
898678
536503
385328
664107
224278
880117
943352
816232
165868
49279
426210
621258
866251
448425
758523
869700
720786
324615
539053
877486
666816
517528
129987
584031
922174
948511
418424
643022
110166
239914
459930
38847
762524
211995
522756
109553
528078
829482
613965
847407
195185
434832
503440
31431
343903
953077
736285
481038
614727
235274
751273
40377
880889
819646
530537
538244
280091
520851
623954
257336
916640
995699
886586
373373
57160
376754
710614
832608
333851
303637
122073
292539
181976
326584
701837
21100
860187
867071
370697
447866
490032
512806
21875
281
764405
505568
256517
613227
961276
567564
753126
317363
791892
96621
18384
258073
971604
769586
60505
718234
878260
117387
442854
895251
649833
450705
931430
353706
570610
610526
529555
398033
361826
567080
165362
423309
367502
744470
926155
454907
805350
221066
111072
981186
165526
285547
149029
757197
85435
369040
960216
23117
755276
602614
365273
962900
11454
369340
990104
534550
910048
24002
147201
547681
951677
835280
825802
424091
847399
876432
351832
429781
470323
265639
186651
707949
247134
385864
496570
329044
156015
576864
638205
138
670003
669920
178145
539889
773047
121183
472169
883378
94463
148766
185935
286069
391556
910606
650810
180957
249297
104888
896172
424267
876872
84341
991200
21775
708756
320205
292608
595601
887484
227482
955064
621788
962647
23913
637775
21610
762384
878664
855270
390335
662778
623000
853136
24333
552296
910462
741909
953793
74155
592017
258355
774726
845932
936563
324946
995536
264022
623064
863242
936570
394153
960699
954625
157523
295275
859276
423845
725753
923790
361666
483321
406019
457862
717551
754809
194726
802957
997605
935455
519224
729356
333339
813185
535652
358958
717779
345572
956888
373731
711456
887017
207583
184585
392581
886305
715448
865853
35432
443895
983761
129094
754785
901279
401943
737335
384393
627266
294710
293172
431125
490603
117266
592632
661935
403880
933760
71487
908555
642625
906182
466567
883445
986060
429724
545660
132581
265600
726745
93272
367084
24510
319797
344622
62679
165393
217516
443719
746602
734639
234809
909085
720280
355893
479870
771711
14639
682508
141443
674896
952476
698532
257642
307265
85156
673248
902337
443229
23141
838335
50181
823091
668844
26445
132440
175254
855058
710333
759183
359203
838983
945753
665868
20252
940046
539151
379639
321557
277112
40803
342618
807753
650718
865838
866299
220989
762419
763192
200780
762103
184379
649093
878744
655449
350497
869287
700014
330011
619328
476741
630932
147086
632817
952296
292322
689204
856764
887808
140765
151012
176130
49198
429503
971742
497468
188446
516868
179343
957314
236958
384862
13969
375051
417705
906347
300583
431649
156458
506511
530997
801969
150719
467999
405770
51290
794733
856728
254830
887176
629366
462942
482391
820667
499135
809203
899808
322689
941608
654969
144056
546892
207873
247461
715377
614657
606607
661302
213182
717917
912279
389858
564737
254311
363391
858620
780122
299002
274464
789265
330309
280049
583367
206754
952550
154234
168827
38437
854286
37166
864510
546792
74344
611474
556404
237379
86028
874526
134265
308464
564535
110998
261122
391745
222299
821306
260074
649431
202451
9072
841301
723625
953429
342456
287262
942121
498376
113841
554699
249175
8977
52478
230346
251215
987147
190692
669242
184374
878954
352500
417375
553104
741383
742517
31752
18203
925124
259638
350622
806376
306385
460987
494113
977133
546397
765933
808717
939048
516842
581072
830799
460207
71917
643822
824807
792412
82821
191668
295017
738470
889981
640543
255637
945175
773826
564137
376000
588612
310977
503345
373626
858361
741493
274985
181962
676843
915625
77996
180045
751065
156152
332392
493479
840563
56924
800396
852175
433397
6516
457333
772007
232251
799500
248044
572164
663490
405856
222269
594936
523340
940225
212706
225289
27543
931499
882671
968368
278253
428829
658893
483957
794915
453827
638428
213948
223964
811098
756869
945309
16196
488980
323553
361377
588287
258252
666977
414757
853789
196078
726687
148029
398195
619930
333505
953677
486935
963579
430816
388442
744229
60905
734497
392981
609997
845324
422993
292515
165002
751277
835337
861141
698248
250989
535936
501007
712097
23832
812976
769124
582665
389456
957702
692269
535004
75668
746695
740671
835904
257838
471669
38663
336725
315952
254170
759412
151720
937376
986279
21305
901940
283721
341905
322804
523346
696575
986678
266599
702103
45025
876655
129814
815259
349445
557142
257821
840294
489435
938793
614623
641414
944930
620391
592388
443738
876615
772691
924230
12690
634228
475438
175679
316013
234890
637494
38739
284163
120988
514778
514736
192587
600147
227369
646790
839700
338765
556771
954218
112123
611072
303546
778193
776675
121725
373334
753099
607604
505533
159265
209022
282173
352883
884432
40125
382189
193143
396467
715492
898605
114467
453774
94711
259377
262028
190870
668962
392360
913578
921068
25658
769507
429408
174187
582814
292852
931079
801106
335369
519739
84637
849506
541662
289325
191550
411740
754978
167867
619263
398817
875911
841878
410874
801011
132203
17011
656597
863064
401919
499702
972821
41163
530067
879727
568175
428108
616703
325979
305600
159111
406047
272119
458102
166881
12967
923789
65942
645477
527817
685284
798743
516470
33886
651171
56626
266225
194665
681279
754013
228016
251431
378363
959382
411298
431125
600309
571858
477353
414054
28771
827393
425856
412289
176875
870797
768898
627951
33501
574485
758937
786197
523795
725124
591395
276049
278616
184888
191592
536069
932836
37218
382716
908493
451770
728545
928133
451058
839931
282141
336437
202265
34810
72881
381510
223092
176399
156362
369282
970933
521429
739509
837143
924700
368134
932339
779460
913474
981887
465432
267593
954342
251100
335937
468660
260236
51000
217231
82525
664357
249932
695
888819
164768
818981
552199
224563
381493
369414
884443
410957
889728
280452
820353
393767
988716
421251
32099
422866
522132
893400
789921
263730
98612
416082
215043
46427
304147
938628
447494
452076
934766
28651
404422
306731
686902
28530
388394
847759
498358
815440
783981
326176
800367
581422
735459
868011
360063
277431
423160
337411
448969
249918
270859
221002
496183
139679
41522
846113
962720
394394
344967
930629
652816
293345
762019
561860
700824
201054
620575
269062
891200
307992
732241
654813
260917
486522
759013
221545
594827
559412
205144
303296
497990
925675
662675
876141
411
447664
748673
440766
794713
701749
552277
182145
985137
408450
575262
691500
432622
942321
453416
408003
95339
9314
211941
706037
468940
562242
92178
528136
26252
129498
936299
705869
415617
728843
508626
417266
665603
848512
307100
382620
691520
983901
334595
719425
607502
435516
857684
981904
876216
282572
272750
781741
580017
384418
495218
989157
442492
887104
351748
554970
951450
831991
483124
527219
183252
506499
674217
77462
309142
686246
776205
193491
693577
398722
112721
891128
471359
867971
510334
234768
749290
248585
283806
751397
770550
645339
956397
33375
751567
565921
779843
30706
863911
45904
952051
440863
779283
535279
930806
504024
66686
180
905500
71730
328423
527350
206663
881576
777893
686263
650557
155780
990291
938835
106678
486981
160965
76687
449925
534066
512975
955905
740496
359080
898775
925375
876973
59319
43566
699030
506194
464040
252482
110088
83459
566597
972973
799765
576278
460167
812600
111698
58581
363093
838625
124138
814561
976426
712346
135628
640346
928066
654155
395970
781
106125
557919
28174
959497
246654
775974
36140
114238
886726
245574
906144
427994
611285
145287
384130
515251
17332
569066
824365
537831
568208
490806
202075
798740
211000
391206
821920
167941
184505
982257
74779
933018
28046
291139
979925
61799
154794
736876
903411
131197
351436
888517
22150
494998
514586
636089
292636
904050
421512
597414
418196
816318
534526
151842
879605
936030
16861
368983
342319
907002
759777
506291
677089
484362
395060
34710
503310
89
895497
453689
677412
738740
745093
674808
371155
579211
435715
350810
675337
966271
625219
996431
798805
604507
307893
178738
288257
914005
391335
374977
584694
491473
812914
116574
300041
673534
592610
485987
24247
305752
62657
708674
778725
838278
693476
863008
533860
441140
349981
652869
286123
743776
552376
645463
875522
108691
479238
659132
414873
231241
15477
684867
924116
440263
553776
363586
954203
943874
977822
366688
185584
609183
659753
232861
272531
405054
625232
680566
7623
778216
947468
281303
970011
43511
217643
717588
703584
957285
614359
774626
350361
472994
363924
766810
556806
189573
937401
270731
790194
207059
213584
472285
296356
30877
455215
709757
234892
945711
214905
769186
586033
772981
960828
717818
519683
910435
563441
815919
928531
997558
642389
809527
453338
137581
118028
264997
228601
183548
420783
903046
935070
844710
675348
586657
644592
207136
166346
999969
164633
281484
797099
769374
838598
750434
118165
516162
388258
898468
440259
368391
433411
417820
816459
978319
491441
764750
680553
135268
815234
366176
547317
386490
529227
901223
761241
628157
89596
442856
388745
393933
357075
229697
925554
716234
771590
827661
286507
906025
40597
707633
391673
505752
558851
899058
608681
979181
919666
708248
992039
864229
166239
97482
482619
733478
73597
802948
925223
617072
507656
89968
398991
488602
484833
230585
55724
326086
965042
155320
191771
320584
15259
209482
197434
531894
935380
108907
297050
738488
203840
6448
472133
38692
284006
523343
806815
135478
277015
893545
219970
308381
954331
813660
883193
325521
166916
619764
223427
308318
519940
91463
355637
187833
30669
574420
13848
923120
349488
207747
771503
454903
139211
459980
766691
986137
643037
691547
977523
976723
731638
430449
696398
69563
882127
852613
895587
286569
500042
676751
376450
289057
965796
794124
674669
755441
219237
357130
332433
95471
271907
877491
859646
899305
931411
276181
981747
400796
466438
487278
971513
472619
213889
11491
2422
133452
130252
321372
927899
326970
841225
437519
993203
358914
46524
530409
993507
748902
777242
992208
154842
435995
952172
572231
760038
370846
710760
914469
615560
785516
108043
965359
117028
942127
682480
813951
928025
77639
415761
541874
965301
105031
41887
357069
221537
858041
672358
645252
538668
840697
290210
709664
782968
242217
932388
84982
597743
94864
915401
483770
492153
326511
235660
385296
765539
857138
495817
943067
717387
734479
752026
655073
232878
97514
398540
94610
938046
272520
404197
869088
375141
845230
805009
999416
55045
363170
50688
735999
62966
296780
194462
743213
123558
11330
990446
359668
687466
85861
487969
380909
180221
997606
641132
651955
789004
226397
243605
193994
256946
895213
573623
573229
506994
833467
85093
378899
413150
424957
701945
98147
488581
870410
379918
44786
492221
602347
418120
535281
618920
534197
509844
409909
150215
383732
723340
576068
832121
733800
760349
31545
551687
167753
933185
101607
515460
72575
735403
930137
639946
598415
471974
224742
433927
602113
708890
244600
704620
238630
910062
869015
872934
932096
592218
575394
297091
853439
572757
895949
19206
388014
174906
934725
380157
2691
820585
2809
90534
948813
31502
693532
943533
683967
252090
555722
1263
394786
496416
960877
368180
514939
441681
378051
314309
954280
205087
959779
974888
429663
953574
450634
82423
7546
14366
165937
452243
420333
311526
439754
143801
667233
173868
999833
891255
10292
950284
608405
202081
998375
511234
204798
995516
596778
589973
31666
38205
639663
87336
900973
617915
64803
93856
453110
302343
697950
440376
25459
148723
840162
806084
681060
418310
17880
406947
66734
70865
989094
128060
519090
684924
619190
308989
125455
97782
515054
841198
49689
668581
679571
215745
514156
206822
226867
655273
337906
726051
580000
121797
834163
654539
970573
994113
290488
533180
973222
612035
724020
578844
290207
308126
473203
759784
460187
826246
376122
82505
927659
786936
774657
414679
17758
762404
915568
114299
254955
833125
473024
413997
991982
354271
289148
463760
949547
577359
71780
89
138