188329
291842
494481
379968
716265
6569
542547
655225
145305
192176
602314
592106
400052
31190
915022
516190
112023
17249
174989
420763
454780
592697
549693
893725
503594
447728
117829
293639
151612
876651
611135
621979
858894
548912
436800
529046
866283
44895
772783
231174
122037
93754
220573
940822
468559
306990
594558
935115
86784
790156
514830
122101
56229
640113
890298
149837
711780
205320
756470
963965
758588
399653
564145
708714
67428
307004
795003
520143
619959
514211
759031
341148
959769
600469
510545
65752
192494
507805
618293
385555
500760
965011
775970
812291
256900
993262
452611
266203
936457
345167
245115
438488
334275
82529
839217
632864
872375
448496
99631
332023
6569
17249