622274
535681
381084
501261
426064
674670
359665
2735
732079
753297
616035
172593
510807
886074
298779
650007
30336
273307
984907
306905
412888
60371
400912
666219
989266
202391
740608
417959
320149
328118
636939
970088
518092
556091
835727
583417
799600
376437
860840
727389
20500
952359
641760
753987
328719
363161
862670
164651
140522
601710
700700
353937
818059
703874
30848
971679
411264
687642
628584
949902
438535
687916
100899
374722
648466
575072
354545
553178
667646
803077
601513
973399
416880
603099
181499
77091
203298
164913
638552
376571
355799
15909
37045
611870
223334
486984
478432
814343
5650
44229
761309
690272
549966
143517
78687
671313
139516
802887
847469
200729
317230
3992
593701
540209
920378
782917
920007
723576
168127
341889
466829
93441
892292
670061
309880
872576
650023
496288
436122
335536
208024
847016
444898
444138
245535
596733
607853
141835
128291
893422
70790
82334
562505
149176
141364
914252
940624
82418
19497
927512
837653
271709
353404
442227
371203
215611
82934
629690
31582
458789
140831
67522
336025
525514
832148
628487
20583
158172
751732
91389
938922
497158
767423
404294
843028
122205
849046
36797
84018
974965
727909
380680
77982
555064
293024
284895
429769
990827
590
759856
758779
28784
245274
572569
211139
256858
167041
498324
293324
106625
298602
876100
148978
696609
640443
947890
429956
818232
916282
170313
203493
27353
541912
381958
473681
768292
861712
263201
106677
945513
418373
131703
277228
877423
158290
643868
638805
629558
282513
411002
328736
593155
286042
159106
514330
952697
605172
961897
269127
832126
818375
598828
812722
138893
33429
416979
227530
413071
371917
778131
365831
145034
151902
117017
932857
7008
779094
377946
532003
911875
475286
933756
642073
789509
579615
798647
406294
172574
956533
291076
636022
476897
627929
398101
662568
633036
390404
327634
902267
156232
407704
55340
723287
579784
68046
227177
823144
722000
858445
653251
121674
716791
703206
634873
98712
828272
617801
720452
146389
206460
344723
129257
404721
43755
299007
493095
570566
532587
201504
376038
112717
355204
865641
46504
6683
357804
993862
569916
848492
867700
447785
922960
118918
144017
66418
512128
500026
701076
581569
553977
345642
999999
58186
570924
438848
950584
65319
168320
11492
873074
796578
470400
730445
375349
51700
798711
71561
964227
263592
286022
861502
82539
747299
956825
449399
212847
458229
946186
290918
786003
291722
40564
812924
918258
753870
368717
188668
497802
533580
967212
253348
826391
627055
715738
149406
38212
946513
432339
304731
930018
350465
665199
276230
187194
729521
410486
781036
68037
584799
99131
50936
421719
870030
961791
747992
314798
86482
737029
210488
847653
616575
521238
877547
424162
773740
132358
202448
392089
17783
466229
119488
875990
826211
23292
300356
204340
902970
474183
845436
561268
565751
939733
780284
127934
235124
307039
665990
226015
819167
164693
384438
487794
102923
851963
68526
628868
240024
576389
546133
712736
741485
607848
878614
851540
430974
168866
110733
414633
931946
40922
943598
288222
843110
78256
193818
64413
35187
123302
700251
772228
888272
6167
476019
415209
561038
653847
613643
90299
412870
939407
927826
775537
548440
172812
245230
589025
958666
203964
411539
211645
544091
432415
48126
937518
852107
183196
993760
583800
629969
417101
792675
413996
444252
780168
896663
512040
853806
212736
807519
564170
740841
395129
411364
557404
671393
554478
316770
356498
606401
831737
599306
203466
264194
6431
886237
317406
109539
260878
237610
225801
998941
691626
333900
733584
60003
121123
807280
815269
345346
976152
584938
168522
998123
319770
685906
287164
112947
861687
553170
314612
24115
520298
987922
842164
679290
14121
854998
905545
216365
735989
974445
659418
965560
930878
10425
299785
123117
658934
540313
305181
773294
79812
177261
282334
706067
507350
565602
56826
947065
507745
130726
221310
792269
140376
219374
656262
893146
708124
279259
366974
171357
956793
469819
795499
599138
882779
338756
378010
31848
354925
844890
908805
835951
720782
528869
115091
723450
749165
265835
185766
898636
195981
16107
744808
931965
255724
16634
168819
110988
58064
583736
609679
834436
728819
444840
789078
857415
526190
544220
108688
455322
390733
452853
275444
503683
538759
369371
456811
171614
692158
858089
829720
857468
782766
873134
234099
172938
54482
252484
195712
936867
534993
247834
692825
434655
357516
595601
704272
789931
415767
987025
274575
361463
743038
962422
310431
397449
350243
653408
715895
568569
766107
628134
224416
851134
335821
346561
468292
480072
922364
809093
283461
639697
320859
128384
144419
403665
927103
917348
632803
4745
479044
866092
94284
283462
513325
938601
191204
101673
745567
789528
952521
918322
711357
234712
191341
423806
4783
829315
23122
401068
497319
253850
499036
251393
866524
434123
823434
921285
266079
316862
433291
223703
980453
878296
30681
837111
157192
45210
689679
145808
599177
427255
10246
397741
744206
456206
880503
686472
168639
264409
517
4772
655284
61249
461805
521912
347021
923141
714645
939521
241205
55340
406562
835552
412441
657640
552516
453166
610611
677424
365784
135834
407509
442671
382698
114356
890005
834742
455373
54951
423398
793690
282872
582683
596772
975140
683776
439905
858520
383442
66632
801469
539623
311870
947158
969244
633050
998355
732089
446566
999970
202180
303643
76395
609887
403132
364568
10803
23496
545805
403938
308827
119586
544061
478850
158882
360411
93014
627231
926830
895340
60907
45677
631818
314852
613895
772589
810074
118880
740638
270059
471107
525334
542841
83980
177982
691813
6755
300598
369462
107172
413122
974789
318372
773324
694469
778002
189098
733223
779115
671156
90160
621630
443471
149800
171193
567164
236255
190435
882431
238184
34360
16919
453705
43424
557916
587505
615469
880370
281010
184676
194794
12054
73994
284409
446128
499936
30883
48167
966137
475780
189655
56864
606379
3918
182055
828587
423529
924539
754781
101969
801218
497268
871327
307278
992220
99460
660400
650688
89419
7961
789338
718739
907044
19910
49935
823513
63619
448015
906732
175404
883481
704169
915162
440882
332393
748097
673759
363849
816619
970653
256037
35819
193057
790180
588500
330919
863540
543372
729057
264042
863680
803893
888725
94480
857661
848147
192841
821454
20446
605026
521470
593664
93496
586934
459623
270042
232923
716274
448728
143181
872672
173106
990497
44106
600807
962084
358435
136265
914451
707565
578449
200371
410051
478068
413866
124960
375540
195769
122371
557789
270856
653239
874556
182834
705212
247967
204940
786341
318378
925908
616214
372102
415266
659604
248465
738821
591367
489534
462111
769483
962999
852542
686801
576782
993784
166130
779717
707670
32525
173871
73782
114161
628276
167934
500120
550539
296017
357312
463173
838922
617678
701503
517668
247883
136015
883345
297672
862023
41789
13609
903411
354194
180665
65583
913912
994234
256457
430709
265804
179919
446119
464204
126522
524409
937863
403013
810545
493562
636246
552510
278019
934536
46057
159088
47002
661602
975637
362523
928842
927495
975849
357445
620289
238344
863799
130234
164559
734042
624582
330870
907024
717867
309155
266847
878497
834089
421263
931143
463019
286775
851900
774491
270603
409030
93600
664500
295573
928795
444492
1922
14579
969000
338445
112729
149725
71638
954660
125980
755669
837360
124951
861677
356014
192799
423728
622423
11459
906507
355827
739878
563097
51467
839031
883941
56306
47609
440265
449050
58189
417836
611680
813683
103115
383117
664400
373169
223665
580919
121061
712333
718283
638438
464219
751634
18513
843367
65182
829811
974610
575273
883946
367783
962462
758681
820117
502434
645036
456652
587744
561589
491070
751593
553241
364368
510630
318509
714032
388664
485689
803069
506943
505237
215176
263726
430424
458538
735420
50262
362581
180119
388449
989856
378560
748394
520291
220208
640256
595378
364680
396865
903157
127599
283313
70136
987188
944808
704787
821699
493337
247653
159501
405133
391354
589983
69211
101915
159854
409482
82748
709726
906083
442789
166771
930458
372201
954499
501291
802048
127845
194721
426339
126822
304897
681876
418338
113265
349380
104217
929602
51698
451978
942365
31407
286693
582327
810698
958907
923346
610609
221781
363967
528597
758978
82038
830382
112712
944437
299949
81101
639137
802174
225414
736118
961751
490102
178381
837655
787806
615643
118368
323333
342654
670720
398292
200464
105079
558049
39809
647585
66884
112477
947445
391371
572729
639100
854229
375149
445353
464805
507543
530347
672785
753647
891218
490803
942654
324548
83645
206871
160884
610019
988097
839851
150941
677642
107882
778705
686128
929889
312837
117858
469906
456173
833590
260531
531839
73414
89191
513834
149364
595323
906177
647838
941320
757008
256444
582558
289230
573428
233449
117809
770283
285778
233789
565132
289597
667454
514995
475639
700180
131402
644126
267438
424248
664156
10109
44562
609849
932974
557318
941881
730809
884606
312958
298431
24451
8643
319142
916710
950577
950924
389975
435605
315281
174573
364672
770263
489032
601167
398208
175241
113070
218930
867960
628948
632653
21489
922056
765113
234268
885501
8603
676404
984626
930318
286695
69698
230068
589096
902464
921059
277353
99784
515213
123378
163832
111268
829196
275400
421444
639841
30058
539319
723101
43937
851120
171839
681235
969951
472337
384452
292752
628152
927661
114682
667504
495263
888829
498846
108215
183301
638040
110364
672753
772086
691568
609678
481666
907075
21652
151203
120034
220665
872217
256858
848558
452000
699485
159445
913455
4758
554059
986594
883741
330367
504539
609188
370746
553273
780195
667299
728047
671841
577361
51845
603126
811705
486012
162275
161559
892038
714595
64027
503985
576968
427279
754238
45281
165616
426228
307188
401812
113140
641506
754828
5346
825483
386611
106774
724563
353356
333428
99372
674767
262835
776768
705206
830872
949428
535580
778659
117070
510490
374678
666571
503792
84882
178995
262691
724279
366427
624141
384462
717590
697647
597456
847739
257870
922946
141381
242978
196679
242167
353165
813243
954350
919179
662638
551431
235149
134889
772136
406339
920701
945701
248873
883387
409729
811390
706266
622507
799447
719892
429589
521689
443709
684185
28796
126353
654859
229149
684398
652594
250172
41285
211829
805092
683144
916377
433876
636607
110771
899432
312243
534505
121990
686320
479746
477024
277948
520605
154788
789691
95974
5876
830485
483614
192858
722371
812744
567866
5935
422821
505708
352050
858730
272312
308715
476899
18261
130190
847290
60091
153111
619712
194697
525404
446669
276242
458016
228752
61944
374252
347078
958387
814434
678284
331890
812309
742686
919417
342103
412993
320682
240679
587631
34682
737934
386932
471895
571300
455280
151497
84515
673842
120595
987849
495742
789699
84452
498249
236999
470678
680731
33962
853516
771521
989955
299808
912344
456244
863919
229367
353116
652650
70348
576035
409820
427856
66520
753459
75137
149006
370087
692756
757084
281915
836511
778269
511909
831129
728939
794453
216031
333542
378237
245942
839281
688857
111607
958425
647218
522363
849955
934266
787778
730410
482319
343746
683724
464434
456847
361066
137919
704895
61239
541805
993731
262260
400725
302366
863309
871189
102564
904838
51022
289461
382627
686373
176945
608263
508006
56246
743014
214245
413610
348877
18923
234452
831648
941357
959627
480272
886016
458049
598218
94222
721185
603956
90732
42278
423418
43468
139909
910421
264836
179581
673115
540543
539785
494767
42660
656912
999826
884716
77335
700205
232168
906816
318832
354571
601360
3952
115558
787978
476052
190913
603327
886105
941136
549874
513065
955879
492238
754056
404387
963960
407980
327071
799646
480944
687571
34266
919027
978037
689604
434351
103856
692234
399821
339962
708998
402668
515680
173270
396585
475855
886671
718268
166769
232130
712831
744584
708886
706308
491501
790715
704161
969411
586288
573739
59283
652387
646490
196728
196250
931295
746168
750092
471676
849881
531358
90222
406881
59171
495520
490559
343783
484720
7381
16311
219028
760797
135367
240509
574680
72369
395927
76813
920477
242798
899131
492007
18927
954597
893832
711075
893390
511867
143428
365715
316407
523760
42305
943380
654746
927633
879813
986066
613568
823272
884000
329240
968755
283277
61622
64145
659589
761768
307823
143839
7526
110777
582168
359992
82969
427446
178817
252056
703695
594600
627437
163955
92114
132416
331561
394315
727748
642848
315300
830502
480968
173909
532806
621046
862268
904730
715066
73451
424049
981687
43710
41273
700845
765286
762543
662114
260338
853987
28206
269047
602083
78215
67487
423258
351035
789157
623323
592405
814200
899327
787288
335488
425713
89268
56931
161584
668327
821812
159902
208942
859913
56939
668045
131611
595472
455330
774857
806065
501236
736529
979573
672304
617323
913869
753766
40775
311059
853122
89714
490283
633953
605147
691406
427066
86929
350218
69231
839378
808751
827250
155365
258768
157097
798806
189959
569859
604427
972126
90976
954807
983498
610090
570085
387686
135203
971161
352073
972824
995202
795199
760404
884327
666671
474165
213879
294517
438765
536052
317481
253807
49071
360095
208114
250635
819502
193810
403551
430922
901664
176776
155496
512082
79497
527843
736343
920527
481009
867906
381423
129878
876530
932429
377778
799174
797701
69366
377223
988512
722673
547855
421847
651601
822086
898089
522238
843418
829903
626209
444917
155372
844436
381415
645680
239058
963273
967139
891578
154735
6423
829654
790699
435749
779901
101410
167964
632178
217536
177523
828749
392380
279736
954300
857747
773938
638628
153300
528385
338995
560236
814973
629630
318114
913406
830966
761308
65415
360356
445580
615840
701457
250570
380709
481051
981830
427684
326534
537136
823717
540323
181930
91090
803087
231523
267085
518253
868139
370015
537001
479372
285869
513080
969552
993102
469406
115439
49093
901125
652610
765032
447481
842203
999517
514946
983647
407587
922023
783599
203680
713338
794902
936214
331955
511622
706368
7125
70256
50500
397362
892537
68128
800656
212002
649174
661067
312046
44158
73150
276248
253799
336820
51292
459622
91741
381441
685802
150897
866312
237418
770902
207618
124566
449772
562704
490885
678284
735359
469323
853315
333528
939087
772029
327152
624243
144575
140916
866946
795790
437517
684700
974200
605565
439761
449197
450045
450686
259208
652484
632213
607335
715520
19970
579463
174667
200203
865469
989513
388890
93927
797863
422289
440035
672678
101418
401806
238888
206183
353561
262867
45308
890713
215646
877611
841153
925633
891845
447967
890324
434058
547624
36595
417546
559224
376787
250978
827175
612552
668154
420749
192697
503263
558727
380303
989261
645723
743035
580446
552610
949217
869948
264887
303750
392326
187002
651340
843364
363849
35413
990637
674224
813834
725667
412803
509924
774725
37725
733037
626298
677245
432457
787095
342525
591848
150421
494378
969754
254716
682599
182817
973010
679674
855723
722107
968795
600502
451712
747021
94607
365396
923694
698878
691958
567944
545148
414415
237272
288761
812407
991777
352606
948806
692935
914653
95678
622472
607415
858124
535150
231588
553150
80688
835295
31765
368112
896882
364305
809567
481645
985064
985033
667917
790158
413262
656895
177622
37576
706317
479741
520922
982974
992954
491219
682004
793762
919933
778807
960767
793689
440589
148036
208428
281459
539945
78710
603229
699528
831808
381228
985681
680413
739351
982210
616500
969736
741232
225389
852408
379769
645447
557054
189970
493329
527958
241735
115634
287747
633781
301025
888634
741658
317022
109582
771189
244999
104080
994985
312364
167089
88016
127723
412200
559923
134214
979244
633103
493366
602728
250180
600079
698684
99810
496159
858543
586763
843912
853297
581059
859693
192980
616755
368095
574543
812947
312594
754030
86928
740480
50284
392954
717429
512399
131528
700771
271063
59497
391138
691891
962732
491195
168246
257196
256465
287265
618945
205130
298282
212175
349351
279020
120861
866186
260933
255782
239756
620300
573469
706421
534317
398957
346225
421058
432019
281782
133972
527831
277306
449930
963648
31118
453239
671080
612641
856811
534644
576874
909079
213567
872947
576868
561295
54010
69881
625894
311039
111157
347934
434797
300154
464479
996476
267112
637150
769027
936441
694565
348010
962070
583348
539177
273520
548481
208543
663323
215154
105952
969394
916780
254062
279028
476128
99430
82312
361167
641372
433664
419837
128559
649357
202791
543913
484136
532829
991649
921309
965702
142372
48144
294746
555325
581003
16067
303003
592029
670426
315999
787784
648211
724182
623682
746705
512155
13716
323046
459340
705311
845041
950944
541921
286363
615999
91791
512455
984472
338779
42539
778088
659619
75682
826775
960028
736380
734535
700257
59367
260164
190837
83264
84157
279053
705315
651630
475339
358191
185525
312505
505292
706115
480228
658879
481850
434501
742117
343504
164152
52568
705104
755368
399152
739383
758185
514536
90821
992473
482842
470545
76548
28820
656278
799808
161869
410319
865932
67108
748454
966237
534743
808544
846341
57840
80739
907192
705372
800098
447408
921731
419991
360638
79249
174399
301155
569975
338010
279426
650002
548986
28320
656587
632316
621326
308746
416942
425161
972205
398004
167413
70755
789344
411555
936917
608627
421408
489827
334111
771631
759886
623596
470704
145103
309749
807942
116150
722735
861134
555998
223815
190677
713716
485331
655284
674285
982158
834524
402201
154992
680388
860886
102283
724362
719366
721575
970155
151327
856583
635244
363245
13398
472555
561701
33378
247598
686441
387355
486961
964021
192393
401058
242169
989388
181139
189669
978837
892699
898398
879788
794747
953480
514376
369873
256998
271095
336733
977979
505642
192456
556409
514152
985377
673515
819815
859819
926932
6873
691225
300469
440204
725071
616597
92047
751849
317253
598051
989443
666981
414050
734808
371418
934782
456054
271950
850241
541426
367357
992267
768795
605813
357735
575370
436428
314199
105379
881288
280185
166933
114092
665450
103381
948086
513103
576323
854715
504824
342400
170772
931904
332586
287111
732465
35551
672652
178896
934458
962110
76605
435663
46383
602728
842581
43928
105661
601469
670755
692106
592101
395751
825095
288800
740470
559989
775242
522809
71965
314954
684912
668347
692822
374028
495498
568212
402871
680910
787507
699739
79089
494841
63792
699124
553228
350512
4604
540497
173598
309313
673934
79813
115956
751420
415455
978009
287701
225297
4230
890101
507020
430671
863651
903199
926851
734924
773896
770087
536845
815829
871039
541108
649209
362553
47945
21893
933620
171641
792465
578335
233055
500006
587082
50773
531171
113938
580065
914798
740785
336527
473548
987881
567297
810019
204325
201101
936864
763464
915372
832199
760128
918731
965172
502561
305546
133687
429627
514659
668282
408289
952351
758637
165606
5109
764668
436539
165085
802919
740014
337125
438400
573295
107070
674887
857087
109300
137333
303771
316546
384145
768136
356154
49100
416802
729670
995655
610445
595494
895752
35878
857969
470976
879724
900635
206200
623096
521574
924797
359298
551493
576733
521464
431376
126885
625792
68562
524741
108919
327993
585264
206020
46257
681065
730071
733846
807529
704250
109083
580607
395153
172894
156465
950459
573893
672986
644706
308281
597151
806287
974829
362426
12521
488988
710467
338353
718447
217585
677758
69019
129815
534714
887992
832925
87510
657761
364624
82475
736373
904634
465414
232398
915199
608245
618316
761126
13870
843458
236346
805403
916309
984962
2847
105887
768998
748831
302128
516284
522812
961545
930607
565852
147847
954096
613941
67996
130084
829271
596800
562099
864494
801704
956201
128027
206484
804104
161536
715687
63660
419890
154010
162494
400521
35826
483674
77251
531236
5035
106064
77053
525270
827517
722416
539791
546812
192821
352029
913147
635588
899248
696543
307957
918825
527455
730648
320204
422235
33417
152559
227942
877558
531268
519959
649292
204947
216570
382308
407337
706725
441449
614200
944549
189845
76739
159405
855201
600981
754221
261078
937393
239119
529691
275311
662196
205546
981167
604283
729161
914047
410017
635240
952812
116144
599270
497818
586893
626658
334707
849892
72539
353159
594116
281233
283932
906993
286601
853956
189451
749732
227178
429771
596125
923720
269721
8898
782776
419046
13152
761591
342365
364553
727592
436470
674254
402194
596297
672709
11604
545070
887399
726119
813467
845596
513430
230747
962017
118147
367463
16401
967853
578233
217765
883576
502580
193260
179684
610561
819140
503750
55829
604785
608603
544226
412181
654611
530289
125181
29968
857414
867875
712455
422059
703548
779328
377264
280306
250795
520317
934704
892174
124253
935067
128314
612588
890732
3523
535305
69602
557469
10913
62310
172870
31099
139219
549221
468430
199470
143832
14196
404929
744511
976423
485152
939300
777249
644998
665901
291773
621351
455783
385913
309243
577071
578698
544758
68160
383156
408380
752630
865134
106765
910441
663675
146570
45019
871769
651264
59267
568797
95104
18286
437267
247566
958860
306817
122193
746557
79952
49267
492967
589710
238327
247337
488859
56603
360268
914848
772013
522312
907299
901739
216789
242756
554729
958036
493021
24026
965406
436581
107254
599838
186449
57233
843573
405553
461770
645441
424774
763471
846793
299918
690308
874030
694458
170287
228400
599894
490818
59536
490544
783734
863104
492180
422238
831059
837142
843532
10873
967809
564321
351609
494559
241682
447204
317248
607380
696294
30744
171284
610004
307908
379194
311294
857349
573167
525705
248732
942249
448200
887873
417080
163088
519557
805550
948752
64852
627226
75065
201115
379536
823539
726370
782582
544716
728353
14258
196914
380054
390635
277134
191354
390022
192466
34373
329806
774072
617446
515875
514028
787456
944023
885022
750752
752348
232055
450823
353544
1267
150969
208922
250753
205243
869636
328136
579205
859554
374908
546855
307820
395283
11563
520062
641385
584443
753638
18296
732464
425459
508887
150986
438319
77350
160218
176440
658442
105891
534405
462115
500087
371296
709443
61450
976409
586768
112397
591238
812886
566642
796671
373376
35768
790067
533676
280875
434566
273864
18783
949355
864445
907985
501032
340289
933619
496416
421498
943221
270660
529936
684129
519835
807563
559114
459712
511677
165206
123715
9279
839845
531138
720825
999808
727999
590370
574342
694260
419410
140585
308421
560924
278475
685643
955350
585297
902057
853002
587231
256236
479494
744933
372251
236407
414645
610164
950055
694241
143034
230294
79622
184240
122994
768207
669077
827887
69979
502006
721261
683532
745459
613560
907951
391978
705383
623095
31549
410556
776108
101697
561051
476838
399711
603203
25670
708180
94559
610449
318246
214996
484534
697614
933641
996501
82626
653688
294380
534146
125696
128815
494119
49907
937259
72327
526606
113254
585578
548278
789911
718960
644924
484685
530376
848773
156770
943305
448594
754031
422011
893177
574794
64728
818723
712580
797808
628657
645173
210241
971243
350294
187308
993498
734039
527111
62928
209124
340923
153075
973677
126323
820692
562754
201950
574837
252819
825675
514791
731069
613625
900536
117019
304988
176466
96315
255602
147613
995843
797543
316775
875340
44656
275950
605231
443969
679810
511940
280668
892359
204752
289567
609540
298020
467160
254690
925946
293949
405147
491294
471242
914193
55693
773421
364
51943
848253
699237
532354
152906
149907
984806
448154
947160
195629
970083
432789
128640
647959
476626
869326
590896
413648
263556
807802
584075
828340
837339
900836
785546
79514
349226
631051
152190
179499
448881
259350
793235
566763
665245
164510
438160
789384
605096
184687
524942
429247
719670
762602
291888
785193
597170
725934
951400
410831
551935
387020
559208
326628
190692
970515
259454
936025
253270
515647
488849
196456
283563
238422
825741
486561
275731
966270
593333
740451
134784
260694
990804
636649
778827
495549
923510
746382
967987
989116
534422
362089
635321
399821
618275
731259
62557
534195
960577
111011
66905
11755
894284
665287
543678
834704
696658
187086
343664
818178
609860
853127
976599
540237
693992
907592
85973
664887
151940
341602
794410
142691
38518
809472
741324
338524
284301
220809
84042
219206
395635
304247
886854
422226
746758
801604
511580
216091
868521
784047
346933
162857
307195
809114
865432
355289
691857
755317
579406
650829
113929
854981
123236
636883
358005
854614
717126
556631
292462
479378
991392
479743
258732
793664
106894
250298
833039
8551
614043
831583
965242
36713
971651
710316
307860
601240
620635
471641
892171
617948
514547
820029
750429
435051
880902
109248
820714
746729
514320
952714
722317
464757
639087
11728
750394
528225
524781
983265
978245
582007
207917
73726
193433
898131
793588
180461
63719
48700
31443
719612
134263
379470
432193
203794
34760
99966
196589
526941
101108
151507
316554
505727
861950
561572
278939
413615
764783
695656
482670
811694
544506
407195
173816
294860
899762
438462
78834
276658
546643
128610
402379
795777
197652
923266
300171
416148
405914
864503
906206
389178
441544
251357
266816
352911
594062
306845
228447
777550
343759
239123
699344
332005
451907
166243
254413
372598
142292
741242
760489
69143
468165
242461
716248
757
766054
450498
752116
42588
971478
617005
665846
946449
280193
201129
909173
10167
608503
625553
476094
732666
413325
169581
507044
551978
65792
416192
150482
745549
111558
465205
322628
102679
831177
703853
351439
262930
752232
556897
642763
179644
137706
823404
836000
622688
375030
144297
563351
308357
66587
463963
506281
116279
419937
523312
809946
71726
942727
558942
697239
729415
598033
528565
794620
731520
455740
250523
84461
720616
511768
111550
751168
741556
603348
850259
382015
111707
695871
333341
154210
409936
946501
850860
116301
575717
621218
187826
756510
594633
549252
899185
687258
284351
882761
35352
514268
658271
534044
919168
266989
290934
551649
205453
506736
863835
879937
952780
413063
137860
683229
61159
242878
150398
428460
79820
563699
579219
634452
391236
782833
205188
352043
839171
333186
431061
207341
855296
419020
691120
933396
19673
445872
543237
31447
721132
189862
70370
398520
380414
576591
632134
713524
648364
744940
990378
966379
416517
367854
625502
979547
809949
138116
280593
877260
47207
335609
127834
459094
909383
606062
640423
440357
568257
972616
303998
823496
573946
823160
908861
187554
570571
595556
959074
200614
290420
317392
280453
294529
398352
827599
51034
26231
110532
703256
333483
52607
176211
343989
695
275964
830189
493543
901797
605266
98098
614855
766278
644922
452115
771712
302473
831259
842466
594551
542868
819244
813537
825946
912828
626380
836018
370902
726403
36223
244882
920448
215585
17393
759673
315623
101710
345104
669036
673120
19045
14615
505781
390357
705185
909816
476337
538181
287677
708779
784504
640257
518331
331923
273355
201855
704904
765367
858025
666631
515971
657745
900913
129096
262834
125946
909528
332328
585042
755781
959178
275640
28686
977073
599043
356239
784168
247535
678952
76212
61172
864863
312010
406858
827091
104910
299304
408877
171023
182390
540747
473299
111705
283946
893824
824571
327401
633883
662135
660123
688915
126350
79873
961439
280000
637284
73176
894535
976956
675962
867547
648082
65213
501085
426585
712285
823744
189123
237999
939328
759582
175412
188349
844170
63142
97129
500220
498158
60502
54724
882248
920533
581942
90944
41596
21442
341327
703356
987327
468296
929837
208931
560570
687825
649399
893366
956177
370090
166305
758111
709286
176638
147545
181024
655142
978219
661877
324479
970898
178717
243073
639890
648755
987010
528339
867520
425144
731636
446381
586834
66952
407713
45505
89986
906125
38440
131288
418182
709669
263953
7907
392085
547306
458610
907799
461964
505978
731502
441822
769750
548522
73111
571327
607857
89530
732498
805369
717186
61042
485373
412687
920632
31600
909312
633631
616261
425358
646407
534281
929450
964152
825203
196188
695837
596872
730185
961924
652016
230609
593184
673416
614587
965637
648757
821528
321593
969032
40183
708645
896566
65382
668636
107147
839008
743260
368104
254012
990012
700711
7629
243072
68443
943306
961475
506211
776927
546107
181526
650357
274268
843692
42343
571218
190772
34306
297870
803647
296141
44367
581284
226454
353931
401290
277888
956784
4001
373318
306597
110997
616190
20197
920353
750234
378817
296614
685876
962506
76112
308215
761692
561735
979313
842838
182704
171755
589069
852664
266708
941513
833614
207805
377641
59424
49370
970093
859205
616581
778146
665218
846330
871849
644703
157329
782524
8825
578164
518578
715009
421922
389987
554130
632376
160243
516434
245357
939839
940780
501626
728588
799629
509161
154180
511514
464877
928702
80128
268929
173361
820270
157256
336032
245239
279436
227614
579790
837627
921410
584686
235352
451668
421784
879545
41859
316867
55356
707112
399279
139650
760698
671681
396198
591999
159446
250464
610843
785640
612242
928385
609562
228721
706193
891656
706693
205086
887175
236943
526087
871124
918282
459894
811942
138059
145354
393516
751203
889682
778453
927797
944801
630920
120982
900991
61405
460124
477379
517264
351233
340460
794811
50764
712045
173948
570860
100495
273318
9266
921601
939011
694158
720316
312260
83635
494232
442177
408131
819543
135858
772680
782977
208132
713382
797620
461615
537957
249947
255852
813940
685430
145904
364283
264563
80713
704020
773706
433336
233575
139272
813742
787249
418939
820393
989196
851584
411535
389423
294706
295510
554112
817828
694818
991140
285626
779612
197685
653200
530924
645295
358239
296021
311843
846301
825284
770840
238293
18489
206636
927331
82643
656654
851421
630011
638323
545003
280399
244928
334331
461058
894908
267993
190075
734226
427539
725986
102388
408803
511198
258352
795191
19281
964983
850377
185067
877992
563264
699434
591759
494908
477887
392997
391067
791957
313916
540278
892307
337516
505714
228278
919016
645655
967164
465033
326634
111787
192167
638416
795124
418237
537921
120906
123889
543754
265227
805019
780421
594551
713128
78238
844827
556341
320714
285270
864291
779480
12169
447921
172344
109287
825028
662589
701832
868113
148520
186316
137911
780412
455958
884946
134974
148035
247019
539728
647674
390727
726918
282679
801184
65121
486430
633448
335294
975690
354018
787990
848828
92802
621191
918066
197535
771805
211798
671862
757190
411059
241863
772083
439369
439541
317296
199015
625138
275354
721966
825949
885325
980290
362424
527935
313060
781504
392058
975423
521975
640028
758175
582788
80061
181106
872300
893481
915663
458890
774802
100965
881698
581891
434297
330609
242019
125032
334683
59387
598407
124181
992364
76073
678267
656739
732401
154687
764117
256968
210392
815581
306079
363357
692533
880016
534257
924562
473969
781907
672004
45105
786359
683804
124954
173938
592563
984908
637132
874610
591370
319711
202357
598402
50441
364417
990250
310232
285230
338899
484966
313166
237175
508962
65239
453703
138061
622840
615799
849087
234075
662872
305168
20854
890681
334427
166158
185342
315359
471052
245859
207766
801779
976559
670642
90028
914732
480597
103362
767189
915982
524125
123757
205624
108129
34852
27454
881075
335392
755770
375650
186502
393860
803472
371174
792016
632232
140859
938763
359142
415928
69120
891968
303694
519335
273996
312623
389776
937811
28346
969479
286861
99605
814559
695181
464074
238175
891689
10086
881512
78207
543698
432840
631396
302369
647900
337795
690969
148026
420182
651705
571329
843426
678963
200784
98369
695528
190046
142519
975307
543082
199296
565688
612582
701242
999933
352643
26490
651737
241835
777193
480454
228768
690861
92119
419412
55651
55173
992888
465163
980170
944784
789063
699545
426686
860825
554547
723704
199601
272453
386666
393877
863459
754572
718480
556611
779210
51295
531316
435530
327675
616690
378233
645792
151483
659094
992650
136162
963251
647184
470618
476994
577165
611854
636399
948327
626600
896674
762289
999667
89626
778714
160964
20325
602884
663882
109183
454462
201291
911695
841346
736187
617132
350096
3144
657178
411716
387829
697240
373515
341515
419850
992064
591690
161084
804612
760795
26725
852201
188507
106314
856803
313113
688604
884496
452677
778028
636303
346940
293513
609652
222816
4280
14402
255998
280974
693667
386462
33064
732997
794140
433101
732180
612252
520067
188486
409144
345270
288722
185983
314852
419568
475844
850614
212968
177282
999483
723253
497203
857223
539705
980679
881470
158152
228639
369535
369567
163154
504702
69288
534165
473780
184744
867486
732118
82812
789222
591174
924921
399554
697797
583951
603880
941244
525125
945079
793640
998488
624524
32593
660684
711370
490164
228810
49815
546042
411262
877037
107483
4950
286297
984456
478202
687157
176004
899005
770728
365718
937122
361649
727730
563432
535567
340863
718946
956573
306317
487643
190740
841977
948106
456161
337405
544706
339422
103238
902122
376089
359667
738175
577967
687554
499685
209066
794227
894702
802437
716200
828433
232313
866858
890091
947524
338254
277792
645333
793307
844783
149320
13420
944413
217491
849527
78955
157039
882489
393248
866643
437416
628950
99974
467695
223
510917
368411
933968
576213
912368
565129
552626
588735
272176
58993
584473
697612
515002
361057
92323
701619
284518
226216
873967
197004
592003
614163
702270
226526
837486
901791
368161
260205
58137
466686
778319
116579
86027
808274
509009
121162
814345
801951
683007
784527
944618
494369
303575
924385
662818
500797
515463
432228
188256
809046
368985
968009
239785
333191
425817
159942
306582
132909
738551
47511
290124
131589
624047
827359
399920
538177
169265
809820
670957
223484
899212
995378
633498
434739
139262
403609
268535
101697
282741
800687
377366
252973
259930
92178
158058
71961
176508
768809
59308
566288
342225
576576
864837
169711
108523
100913
952902
485613
97202
47287
5032
390609
545168
669453
733953
551248
716052
707088
726741
461327
210224
551625
765080
228308
30629
845486
704854
209892
322414
740068
931216
501439
145072
567566
899263
399755
522722
818766
89499
803330
458057
397083
604576
880267
148709
941137
705005
525425
89588
856854
329559
400855
797048
709307
718659
711017
679329
895320
786276
300451
708627
261639
937786
490085
791714
801728
786976
109759
521483
992173
769100
786853
632501
958677
398954
513469
140463
669624
19535
917826
464438
915075
162614
126657
234175
362055
694083
717522
913991
816930
972286
545121
239848
206502
490848
781186
998766
433897
323570
274535
681676
707500
94700
298587
321686
48173
200772
457442
238956
290221
177327
284040
745226
982299
547494
385239
413740
946686
974330
926948
223
364